Modes: 6
Features: 4
Sequences: 2000
Motif: 0
2	0	0	434
130	0	306	0
0	2	0	434
3	0	34	399
0	2	135	299
398	3	28	7
3	391	1	41
235	36	10	155
44	132	51	209
196	18	45	177
Motif: 1
9	217	16	165
57	5	285	60
27	351	15	14
3	395	0	9
154	227	6	20
6	249	0	152
6	399	0	2
19	17	8	363
164	23	158	62
13	113	261	20
67	32	11	297
0	0	402	5
20	23	330	34
39	199	38	131
Motif: 2
50	174	0	20
137	84	2	21
185	2	50	7
107	30	78	29
58	115	19	52
136	75	12	21
86	114	43	1
62	45	59	78
42	143	48	11
152	8	0	84
23	84	137	0
83	158	2	1
Motif: 3
12	8	0	268
78	0	210	0
3	3	0	282
4	7	16	261
0	0	16	272
152	0	133	3
2	150	2	134
12	42	0	234
26	69	16	177
124	26	0	138
Motif: 4
5	42	37	161
7	6	14	218
0	0	118	127
96	92	31	26
0	218	5	22
87	43	0	115
3	71	16	155
44	47	32	122
68	8	81	88
17	119	74	35
41	78	18	108
Motif: 5
22	149	197	12
39	134	17	190
22	9	290	59
40	321	14	5
0	374	0	6
166	191	4	19
1	194	4	181
1	377	1	1
16	34	0	330
148	22	161	49
3	159	205	13
55	35	12	278
3	0	364	13
27	34	286	33
Posreads: 0
251.000000	185.000000
98.000000	338.000000
170.000000	266.000000
221.000000	215.000000
284.000000	152.000000
Posreads: 1
181.000000	226.000000
150.000000	257.000000
148.000000	259.000000
135.000000	272.000000
144.000000	263.000000
Posreads: 2
167.000000	77.000000
206.000000	38.000000
166.000000	78.000000
134.000000	110.000000
163.000000	81.000000
Posreads: 3
256.000000	32.000000
251.000000	37.000000
221.000000	67.000000
128.000000	160.000000
195.000000	93.000000
Posreads: 4
137.000000	108.000000
158.000000	87.000000
165.000000	80.000000
86.000000	159.000000
145.000000	100.000000
Posreads: 5
190.000000	190.000000
181.000000	199.000000
195.000000	185.000000
231.000000	149.000000
234.000000	146.000000
Negreads: 0
282.000000	154.000000
266.000000	170.000000
307.000000	129.000000
335.000000	101.000000
369.000000	67.000000
Negreads: 1
193.000000	214.000000
155.000000	252.000000
185.000000	222.000000
184.000000	223.000000
170.000000	237.000000
Negreads: 2
217.000000	27.000000
241.000000	3.000000
243.000000	1.000000
225.000000	19.000000
243.000000	1.000000
Negreads: 3
247.000000	41.000000
258.000000	30.000000
254.000000	34.000000
259.000000	29.000000
288.000000	0.000000
Negreads: 4
235.000000	10.000000
230.000000	15.000000
237.000000	8.000000
217.000000	28.000000
234.000000	11.000000
Negreads: 5
236.000000	144.000000
288.000000	92.000000
268.000000	112.000000
232.000000	148.000000
245.000000	135.000000
Mode sequence counts
0	436
1	407
2	244
3	288
4	245
5	380
Motif widths 
0	10
1	14
2	12
3	10
4	11
5	14
Positive strand read widths 
0	5
1	5
2	5
3	5
4	5
5	5
Negative strand read widths 
0	5
1	5
2	5
3	5
4	5
5	5
Relative distances
0	9	19
1	8	27
2	10	22
3	11	18
4	10	22
5	10	22
Alpha: 0.500000
Pseudo count for reads
1.000000	1.000000
