Modes: 3
Features: 4
Sequences: 2000
Motif: 0
185	24	11	271
7	93	248	143
21	245	0	225
0	491	0	0
213	135	6	137
21	304	24	142
108	72	43	268
64	89	153	185
47	337	29	78
61	285	7	138
106	185	7	193
51	320	8	112
Motif: 1
47	341	26	334
91	15	534	108
66	628	30	24
7	722	2	17
295	409	11	33
4	420	7	317
5	742	0	1
29	52	6	661
298	35	313	102
19	248	453	28
112	51	11	574
1	0	736	11
44	44	601	59
134	303	85	226
Motif: 2
15	22	0	724
222	4	535	0
2	3	10	746
8	0	60	693
0	0	202	559
619	6	127	9
12	591	2	156
310	67	16	368
71	201	89	400
341	49	56	315
Posreads: 0
388.000000	103.000000
409.000000	82.000000
393.000000	98.000000
379.000000	112.000000
378.000000	113.000000
Posreads: 1
384.000000	364.000000
360.000000	388.000000
371.000000	377.000000
364.000000	384.000000
370.000000	378.000000
Posreads: 2
502.000000	259.000000
243.000000	518.000000
371.000000	390.000000
465.000000	296.000000
552.000000	209.000000
Negreads: 0
487.000000	4.000000
476.000000	15.000000
490.000000	1.000000
491.000000	0.000000
490.000000	1.000000
Negreads: 1
476.000000	272.000000
474.000000	274.000000
455.000000	293.000000
412.000000	336.000000
399.000000	349.000000
Negreads: 2
561.000000	200.000000
540.000000	221.000000
595.000000	166.000000
635.000000	126.000000
662.000000	99.000000
Mode sequence counts
0	491
1	748
2	761
Motif widths 
0	12
1	14
2	10
Positive strand read widths 
0	5
1	5
2	5
Negative strand read widths 
0	5
1	5
2	5
Relative distances
0	10	22
1	8	24
2	9	19
Alpha: 0.500000
Pseudo count for reads
1.000000	1.000000
