chr20	21284556	21284606	2
chr9	84300909	84300959	2
chr11	12520761	12520811	2
chr9	97681871	97681921	2
chr16	89638628	89638678	0
chr12	49785906	49785956	2
chr20	34195464	34195514	0
chr7	26693504	26693554	0
chr5	90354604	90354654	2
chr7	138144481	138144531	2
chr5	140372655	140372705	2
chr12	54560474	54560524	2
chr5	55575952	55576002	2
chr15	66944773	66944823	2
chr7	73879389	73879439	2
chr7	20784629	20784679	1
chr12	71105719	71105769	2
chr17	29836012	29836062	2
chr20	50331809	50331859	2
chr15	71185474	71185524	1
chr3	16939225	16939275	2
chr18	75414696	75414746	2
chr2	12190634	12190684	2
chr10	121855550	121855600	0
chr5	150226833	150226883	1
chr6	55692594	55692644	2
chr7	108493837	108493887	2
chr7	19891289	19891339	2
chr7	75719185	75719235	0
chr3	12894872	12894922	2
chr19	13733642	13733692	2
chr21	16920062	16920112	2
chr17	43978531	43978581	0
chr8	132378240	132378290	2
chr14	73393032	73393082	2
chr20	14859834	14859884	2
chr5	14664290	14664340	0
chr5	127457633	127457683	0
chr6	108533012	108533062	2
chr17	59276999	59277049	0
chr20	44501499	44501549	0
chr6	42420511	42420561	2
chr1	95561556	95561606	0
chr2	236504236	236504286	1
chr3	72987829	72987879	0
chr16	12010011	12010061	0
chr16	68001387	68001437	0
chr3	124505772	124505822	2
chr6	132147318	132147368	2
chr8	224454	224504	2
chr6	15390712	15390762	1
chr6	126385908	126385958	2
chr9	15511246	15511296	2
chr12	111142708	111142758	1
chr1	116991565	116991615	2
chr17	57518313	57518363	1
chr15	41310682	41310732	0
chr9	115090528	115090578	2
chr17	76870280	76870330	0
chr1	151696478	151696528	2
chr11	84669447	84669497	2
chr5	117475255	117475305	2
chr15	40347669	40347719	0
chr1	217598414	217598464	2
chr12	14667343	14667393	1
chr10	126713371	126713421	2
chr13	109747497	109747547	2
chr12	123402263	123402313	2
chr3	94678091	94678141	0
chr8	101707579	101707629	2
chr5	71228757	71228807	0
chr7	157028874	157028924	2
chr8	99411381	99411431	2
chr9	112852334	112852384	0
chr11	61739267	61739317	2
chr2	36981948	36981998	2
chr7	30375847	30375897	2
chr21	40185491	40185541	2
chr6	13726024	13726074	2
chr16	73301198	73301248	2
chr1	168876408	168876458	2
chr3	118817636	118817686	1
chr8	102600146	102600196	2
chr1	223174266	223174316	2
chr1	27028985	27029035	2
chr20	14035951	14036001	1
chr2	44683159	44683209	0
chr6	1243738	1243788	2
chr15	89714875	89714925	1
chr2	75120290	75120340	2
chr15	83955083	83955133	0
chr1	222763086	222763136	0
chr14	35874650	35874700	2
chr5	1010342	1010392	2
chrX	22693247	22693297	2
chr1	113248086	113248136	2
chr21	45554719	45554769	2
chr2	6056277	6056327	2
chr1	152025192	152025242	1
chr12	58119974	58120024	1
chr7	83278408	83278458	2
chr2	55052175	55052225	2
chr6	107830755	107830805	2
chr14	26092119	26092169	2
chr10	101039357	101039407	2
chr2	40478429	40478479	2
chr14	89704462	89704512	2
chr1	109354617	109354667	2
chr6	149564215	149564265	2
chr8	105089925	105089975	2
chr7	44078969	44079019	2
chr7	99601735	99601785	2
chr5	114709922	114709972	1
chr12	56553325	56553375	2
chr7	112023534	112023584	2
chr19	43702981	43703031	1
chrX	100150515	100150565	1
chr10	72894893	72894943	0
chr6	11428317	11428367	2
chr4	3673741	3673791	2
chr6	131687537	131687587	2
chr11	78808703	78808753	2
chr1	26448646	26448696	2
chr20	18964588	18964638	2
chr2	221092322	221092372	2
chr3	32086956	32087006	2
chr1	168596795	168596845	2
chr14	34770512	34770562	1
chr6	119805900	119805950	0
chr17	41985546	41985596	2
chr19	46172425	46172475	2
chr11	34078704	34078754	2
chr14	55894186	55894236	2
chr5	61988421	61988471	2
chr2	163846281	163846331	0
chr4	106009778	106009828	2
chr8	102769352	102769402	2
chr7	40772837	40772887	0
chr2	100190695	100190745	2
chr12	107368437	107368487	2
chr1	85680585	85680635	2
chr21	36702398	36702448	2
chr10	52548852	52548902	1
chr9	80659191	80659241	2
chr12	107038876	107038926	1
chr3	15797477	15797527	2
chrX	24168261	24168311	2
chr1	193075177	193075227	2
chr11	68530919	68530969	0
chr5	78489756	78489806	2
chr14	34551176	34551226	0
chr1	217139786	217139836	2
chr10	111896964	111897014	1
chr9	35180117	35180167	2
chr8	134885330	134885380	0
chr8	42350033	42350083	2
chr12	56915532	56915582	0
chr16	79338224	79338274	1
chr11	65309337	65309387	2
chr11	29365442	29365492	1
chr2	58109137	58109187	2
chr15	64978491	64978541	1
chr5	123932710	123932760	0
chr21	41690888	41690938	0
chr8	73232210	73232260	1
chr3	195101870	195101920	2
chr17	60130345	60130395	2
chr7	36077044	36077094	2
chr6	1296362	1296412	2
chr8	126540878	126540928	2
chr5	100226217	100226267	2
chr7	27573985	27574035	2
chr8	86879133	86879183	2
chr2	218231599	218231649	2
chr11	115040692	115040742	2
chr15	94791679	94791729	2
chr4	75240606	75240656	0
chr9	15135328	15135378	1
chr6	55607428	55607478	2
chr1	206904333	206904383	2
chr21	27498406	27498456	2
chr9	92218211	92218261	2
chr7	45283569	45283619	2
chr2	240737740	240737790	2
chr16	73077764	73077814	2
chr2	11857012	11857062	2
chr6	134936005	134936055	0
chr12	52348929	52348979	0
chr3	72475750	72475800	2
chr15	99421037	99421087	2
chr10	49571724	49571774	1
chr2	49253787	49253837	2
chr3	185826999	185827049	2
chr15	99322988	99323038	1
chr7	116062521	116062571	2
chr5	150513960	150514010	2
chr9	84219866	84219916	2
chr9	72004652	72004702	0
chr8	102648325	102648375	2
chr4	89066317	89066367	2
chr2	43265685	43265735	0
chr15	73668415	73668465	1
chr4	14881584	14881634	2
chr17	61671473	61671523	0
chr2	213992475	213992525	2
chrX	130809982	130810032	2
chr12	109715915	109715965	0
chr18	70986265	70986315	2
chr2	158682361	158682411	0
chr15	99029169	99029219	2
chr11	46920528	46920578	1
chr18	9639193	9639243	2
chrX	139994932	139994982	2
chr20	56812285	56812335	1
chr12	99047851	99047901	1
chr3	123347269	123347319	2
chr17	73804951	73805001	1
chr7	132515494	132515544	2
chr2	18061286	18061336	2
chr22	30084083	30084133	2
chr17	79031552	79031602	0
chr2	226861036	226861086	2
chr2	39821051	39821101	1
chr17	62224792	62224842	2
chr8	81279257	81279307	2
chr6	617662	617712	1
chr12	76338324	76338374	0
chr3	177800493	177800543	1
chrX	17513447	17513497	2
chr7	26728108	26728158	0
chr1	172154411	172154461	2
chr4	7863227	7863277	2
chr8	134632641	134632691	2
chr12	13280491	13280541	2
chr7	8054230	8054280	2
chr2	43454394	43454444	2
chr7	75698544	75698594	0
chr7	103032691	103032741	2
chr3	145890533	145890583	2
chr15	73092996	73093046	0
chr2	17003168	17003218	2
chrX	67708741	67708791	0
chr22	34372008	34372058	0
chr1	2718290	2718340	2
chr2	72431627	72431677	2
chr6	142622185	142622235	0
chr11	9110931	9110981	2
chr17	38771631	38771681	0
chrX	119883108	119883158	2
chr17	59800948	59800998	2
chr9	131258187	131258237	1
chr12	123069181	123069231	2
chr10	8799878	8799928	2
chr9	136242042	136242092	0
chr14	85940493	85940543	2
chr14	52899440	52899490	2
chr11	82782896	82782946	0
chr15	85473251	85473301	0
chr12	75374470	75374520	2
chr13	26552449	26552499	2
chr14	21159010	21159060	2
chr15	64455564	64455614	2
chrX	100858396	100858446	2
chr5	139944225	139944275	0
chr6	13456163	13456213	2
chr14	64010013	64010063	2
chr2	11653037	11653087	0
chr7	98520522	98520572	2
chr14	57046030	57046080	0
chr14	70133562	70133612	0
chr6	100564918	100564968	2
chr19	18633405	18633455	2
chr6	75994928	75994978	2
chr9	130659635	130659685	2
chr9	5203222	5203272	2
chr20	61164896	61164946	0
chr18	33077997	33078047	0
chr8	108199714	108199764	2
chr21	46221690	46221740	0
chr5	139641092	139641142	0
chr5	132580153	132580203	2
chr6	90085375	90085425	1
chr2	186667860	186667910	2
chr3	178865089	178865139	1
chr8	101730259	101730309	2
chr6	165324980	165325030	2
chr2	27825286	27825336	2
chr8	69611633	69611683	0
chr6	105720663	105720713	2
chr16	3086296	3086346	2
chr7	92835207	92835257	2
chr7	105470895	105470945	0
chr1	186632002	186632052	2
chr19	45927080	45927130	0
chr18	34879603	34879653	2
chr1	42347826	42347876	0
chr14	49945677	49945727	2
chr6	22288075	22288125	2
chr6	126375816	126375866	0
chr8	74226495	74226545	0
chr17	66288656	66288706	2
chr11	72889264	72889314	1
chr5	78831571	78831621	2
chr22	34261315	34261365	2
chr14	102675646	102675696	0
chr13	111152331	111152381	0
chrX	81213514	81213564	1
chr22	29214729	29214779	2
chr20	24998229	24998279	2
chr14	33296113	33296163	1
chr2	33500891	33500941	2
chr2	215285164	215285214	0
chr7	7996607	7996657	0
chr7	44455310	44455360	0
chr5	159743142	159743192	2
chr12	132345411	132345461	2
chr16	65792639	65792689	0
chr14	71570756	71570806	1
chr12	132319931	132319981	0
chr7	132920169	132920219	2
chr12	53024704	53024754	2
chr6	22249230	22249280	0
chr8	89564470	89564520	2
chr16	68670004	68670054	2
chr3	159500955	159501005	0
chr2	150771658	150771708	2
chr3	64228179	64228229	2
chr1	68316585	68316635	2
chr3	65675236	65675286	1
chr7	112102341	112102391	2
chr8	125985439	125985489	2
chr4	184424808	184424858	2
chr1	108068746	108068796	2
chr6	17600579	17600629	0
chr19	56732774	56732824	2
chr12	52637970	52638020	2
chr10	70286592	70286642	2
chr14	32667466	32667516	2
chr10	29607282	29607332	2
chr7	44529590	44529640	0
chr2	74056018	74056068	0
chr21	41686310	41686360	0
chr1	166810419	166810469	2
chr6	149382383	149382433	0
chr12	13214932	13214982	2
chr6	1325978	1326028	2
chr8	104148407	104148457	2
chr8	100812311	100812361	2
chr1	164559648	164559698	2
chr21	17221136	17221186	2
chr3	129427271	129427321	2
chr17	26662467	26662517	2
chr19	38828020	38828070	0
chr21	43729158	43729208	1
chr11	119275776	119275826	2
chr4	89688228	89688278	2
chr2	33637021	33637071	2
chr7	153529398	153529448	1
chr4	31195302	31195352	2
chr10	34130744	34130794	2
chr10	35146926	35146976	2
chr21	40279207	40279257	2
chr6	150451128	150451178	2
chr10	36998462	36998512	2
chr20	55017093	55017143	0
chr3	141345912	141345962	2
chr1	185286687	185286737	0
chr3	30559943	30559993	2
chr12	69393805	69393855	2
chr8	126021491	126021541	2
chr16	30773406	30773456	0
chr7	103798206	103798256	0
chr5	67095740	67095790	2
chr2	184113893	184113943	2
chr11	46848173	46848223	2
chr12	77558413	77558463	1
chr7	33762496	33762546	2
chr16	82538909	82538959	2
chr9	3699938	3699988	2
chr9	132373497	132373547	1
chr12	67479549	67479599	2
chr12	67988818	67988868	2
chr13	82843586	82843636	2
chr8	38617700	38617750	2
chr20	59878935	59878985	2
chr1	193155117	193155167	2
chr1	155618461	155618511	1
chr15	64915975	64916025	1
chr7	142551690	142551740	2
chr16	931348	931398	0
chr17	56052996	56053046	2
chr2	188411781	188411831	2
chr9	107554272	107554322	2
chr9	89178315	89178365	2
chr13	95923627	95923677	0
chr12	6560632	6560682	0
chr10	76951994	76952044	2
chr5	132610354	132610404	0
chr4	36245257	36245307	2
chr2	237953271	237953321	2
chr17	56595571	56595621	1
chr4	141678026	141678076	2
chr11	89982919	89982969	2
chr13	96366871	96366921	2
chr16	2795026	2795076	0
chr3	79700599	79700649	0
chr1	7551337	7551387	2
chr21	16235909	16235959	2
chr1	178506124	178506174	0
chr14	100659328	100659378	0
chr12	123373100	123373150	2
chr1	108661389	108661439	2
chr2	230931857	230931907	1
chr14	96811075	96811125	2
chr7	31593408	31593458	2
chr12	97791195	97791245	2
chr15	81097663	81097713	2
chr13	50940474	50940524	2
chrX	84747855	84747905	2
chr9	115267952	115268002	2
chr2	71127311	71127361	2
chr7	50623750	50623800	2
chr4	687191	687241	2
chr12	92997200	92997250	2
chr6	6662034	6662084	2
chr16	73912699	73912749	1
chr18	47827863	47827913	2
chr5	141977654	141977704	0
chr16	64512463	64512513	0
chr14	52031840	52031890	2
chr3	146400268	146400318	2
chr1	209981640	209981690	2
chr20	46083939	46083989	2
chr3	129204791	129204841	2
chr4	77491701	77491751	2
chr6	12331786	12331836	2
chr21	40454947	40454997	2
chr17	8572710	8572760	2
chr12	124773757	124773807	2
chr11	46384493	46384543	0
chr1	96630349	96630399	2
chr12	50262944	50262994	1
chr6	36302930	36302980	2
chr4	25146664	25146714	1
chr1	206912466	206912516	1
chr13	73677468	73677518	2
chr6	82547864	82547914	2
chrX	96401142	96401192	2
chr2	121049071	121049121	0
chr21	27488806	27488856	2
chr15	99882036	99882086	0
chr6	93004138	93004188	2
chr1	180575114	180575164	2
chr2	54817173	54817223	2
chr7	134129155	134129205	0
chr11	81961254	81961304	2
chr2	203503893	203503943	2
chr10	573616	573666	2
chr4	176458177	176458227	1
chr19	42800353	42800403	1
chr5	141887785	141887835	2
chr7	107842349	107842399	2
chr1	197520836	197520886	2
chr20	55362833	55362883	2
chr6	166303732	166303782	1
chr14	94121584	94121634	1
chr14	69126132	69126182	2
chr12	100948651	100948701	2
chr8	124706152	124706202	1
chr12	38710368	38710418	0
chr1	220595727	220595777	2
chr3	24493303	24493353	2
chr16	23373958	23374008	2
chr18	60382344	60382394	0
chr21	43809743	43809793	0
chr3	25484125	25484175	2
chr1	144941431	144941481	2
chr7	105305413	105305463	2
chr17	65180084	65180134	0
chr8	109260949	109260999	2
chr2	233102991	233103041	2
chr21	38012711	38012761	0
chr3	13319579	13319629	2
chr3	167505440	167505490	2
chr3	4039811	4039861	0
chr7	106875713	106875763	2
chr16	48269790	48269840	1
chr16	90110620	90110670	2
chr17	39933974	39934024	2
chr3	127716964	127717014	2
chr3	160746747	160746797	0
chr2	64069850	64069900	0
chr11	116611773	116611823	2
chr7	12623773	12623823	2
chr6	55268112	55268162	2
chr8	17396484	17396534	0
chr6	125906204	125906254	2
chr6	39265979	39266029	2
chr13	31665420	31665470	2
chr7	1308554	1308604	2
chr5	95130043	95130093	2
chr10	76782214	76782264	1
chr1	151467368	151467418	0
chr17	65437528	65437578	2
chr19	38795751	38795801	2
chr3	23136769	23136819	2
chr4	153528100	153528150	2
chr2	134081816	134081866	0
chr9	102784454	102784504	2
chr10	29311653	29311703	2
chr12	44359348	44359398	2
chr12	79941300	79941350	2
chr8	116215911	116215961	2
chr3	46977028	46977078	0
chr5	139927273	139927323	2
chr9	80263885	80263935	0
chr2	55334720	55334770	2
chr19	10676736	10676786	2
chr12	33560213	33560263	2
chr3	150285973	150286023	2
chr12	80710386	80710436	0
chr1	183232071	183232121	2
chr4	78739316	78739366	2
chr12	18634392	18634442	2
chr10	32576981	32577031	2
chr21	41712412	41712462	2
chr20	18700573	18700623	0
chr1	27480060	27480110	2
chr6	82519428	82519478	2
chr5	172882953	172883003	2
chr8	98594896	98594946	1
chr20	62274012	62274062	0
chr5	75679993	75680043	0
chr11	34754577	34754627	2
chr8	30580578	30580628	2
chr20	58509203	58509253	1
chr16	17410026	17410076	2
chr15	74753463	74753513	2
chr4	146772809	146772859	2
chr2	235935805	235935855	2
chr3	182163365	182163415	2
chr7	359027	359077	2
chr3	15367677	15367727	2
chr10	110151060	110151110	0
chr15	75682281	75682331	2
chr19	17438591	17438641	1
chr11	85539315	85539365	2
chr14	32553152	32553202	2
chr19	30808796	30808846	2
chr9	15485995	15486045	1
chr11	126252534	126252584	2
chr12	58240544	58240594	2
chr3	196594373	196594423	2
chr7	112122871	112122921	2
chr5	133415557	133415607	2
chr20	15246715	15246765	2
chr3	106120723	106120773	2
chr10	64566941	64566991	2
chr3	133172003	133172053	2
chr3	122496062	122496112	2
chr5	174102741	174102791	2
chr8	125192698	125192748	0
chr8	101688966	101689016	1
chr3	5028642	5028692	2
chr2	159047697	159047747	2
chr3	161740579	161740629	2
chrX	39871331	39871381	0
chr1	67896827	67896877	2
chr6	49431078	49431128	2
chr1	78441842	78441892	2
chr9	128035083	128035133	2
chr6	53851930	53851980	2
chr8	83687257	83687307	2
chr3	134488739	134488789	2
chr3	25767490	25767540	2
chr7	89874442	89874492	0
chr3	49195699	49195749	1
chr22	29781779	29781829	2
chr2	220441710	220441760	0
chr7	90054895	90054945	2
chr19	19517906	19517956	1
chr2	101812906	101812956	2
chr3	118959133	118959183	2
chr4	54568767	54568817	0
chr8	65575590	65575640	2
chr9	124595340	124595390	2
chr4	52918118	52918168	0
chr20	46413698	46413748	2
chr19	40059415	40059465	2
chr4	53886104	53886154	2
chr1	178208083	178208133	2
chr18	21324184	21324234	0
chr1	150954885	150954935	0
chr14	105240878	105240928	2
chr11	64851770	64851820	0
chr18	13253792	13253842	0
chr15	85969947	85969997	0
chr14	21945254	21945304	1
chr8	100115195	100115245	2
chr3	161144791	161144841	2
chr10	127203660	127203710	0
chr12	56520106	56520156	1
chr12	1434977	1435027	0
chr9	135547490	135547540	2
chr12	47337924	47337974	0
chr19	39205327	39205377	2
chr1	87161234	87161284	2
chr18	11689182	11689232	0
chrX	131119774	131119824	2
chr19	36422462	36422512	0
chr7	45788817	45788867	1
chr4	44159917	44159967	2
chr8	130463332	130463382	2
chr16	54961294	54961344	0
chr15	81702783	81702833	1
chr10	75385795	75385845	2
chrUn_gl000219	99970	100020	0
chr8	123877299	123877349	0
chr12	122501055	122501105	2
chr12	44199039	44199089	2
chr10	115284153	115284203	2
chr3	104882	104932	2
chr9	128212082	128212132	2
chr14	82000591	82000641	0
chr7	158060158	158060208	0
chr10	8736287	8736337	2
chr9	91002459	91002509	2
chr1	65883587	65883637	0
chr4	112913108	112913158	2
chr4	87582719	87582769	2
chr2	151085709	151085759	2
chr14	50241035	50241085	2
chr5	127213583	127213633	0
chr5	57755795	57755845	0
chr6	10613514	10613564	2
chr12	112464903	112464953	2
chrX	132188885	132188935	2
chr11	125298950	125299000	2
chr8	100721853	100721903	2
chr10	34926813	34926863	2
chr8	120676239	120676289	2
chr20	20840997	20841047	1
chr20	9100440	9100490	0
chr3	188023204	188023254	2
chr10	29824408	29824458	2
chr1	5748651	5748701	2
chr2	103104858	103104908	0
chr1	240042758	240042808	2
chr1	241161909	241161959	2
chr13	62601836	62601886	2
chr4	40625117	40625167	0
chr7	31168869	31168919	2
chr1	183250763	183250813	1
chr8	116554185	116554235	0
chr12	94071000	94071050	2
chr1	188610846	188610896	2
chr5	88261058	88261108	0
chr13	42803612	42803662	2
chr3	168867326	168867376	1
chr10	62185320	62185370	2
chr19	12274585	12274635	0
chr2	74640149	74640199	2
chr15	56210294	56210344	2
chr20	50419942	50419992	0
chr19	47428688	47428738	2
chr17	47392983	47393033	1
chr2	157440970	157441020	2
chr1	108464004	108464054	2
chr8	134731375	134731425	0
chr10	117424447	117424497	2
chr9	14616542	14616592	1
chr21	16494301	16494351	0
chr1	150459766	150459816	1
chr15	88421633	88421683	2
chr10	74452810	74452860	2
chr3	182697318	182697368	2
chr7	121944808	121944858	2
chr3	128880491	128880541	2
chrX	15586555	15586605	1
chr6	45982776	45982826	2
chr17	73379201	73379251	2
chr16	85557359	85557409	0
chr19	10946399	10946449	0
chr9	22104165	22104215	1
chr1	160577063	160577113	1
chr4	56915991	56916041	2
chr20	52687191	52687241	0
chr20	52230039	52230089	2
chr5	54455704	54455754	1
chr5	17145347	17145397	2
chr7	111493398	111493448	2
chr14	98715943	98715993	2
chr2	28422916	28422966	2
chr7	90040942	90040992	2
chr19	38549190	38549240	2
chr16	89557890	89557940	0
chr19	46144679	46144729	2
chr14	35370262	35370312	2
chr2	236478940	236478990	0
chrX	10918747	10918797	2
chr9	130098881	130098931	2
chr14	96127165	96127215	2
chr16	81170725	81170775	2
chr6	157313170	157313220	2
chr10	114840736	114840786	2
chr16	87901266	87901316	2
chr16	3661072	3661122	0
chr2	29140807	29140857	2
chr10	116286724	116286774	0
chr1	215777127	215777177	2
chr17	29700299	29700349	2
chr21	30754378	30754428	0
chr16	11886783	11886833	2
chr2	153572508	153572558	1
chr9	139620266	139620316	2
chr12	47233960	47234010	2
chrX	131433812	131433862	2
chr9	129838469	129838519	2
chr3	71160267	71160317	2
chr16	2526971	2527021	1
chr2	144891788	144891838	2
chr1	246772108	246772158	2
chr21	32901774	32901824	2
chr20	9274947	9274997	2
chr19	10612789	10612839	2
chr15	87099431	87099481	2
chr17	28038056	28038106	0
chr17	47937670	47937720	1
chr5	44263655	44263705	2
chr6	7560105	7560155	2
chr12	56013553	56013603	1
chr2	132357770	132357820	2
chr13	74316300	74316350	2
chr20	39707245	39707295	0
chr9	110893483	110893533	2
chr1	150670098	150670148	2
chr7	3615884	3615934	2
chr2	37311360	37311410	2
chr9	97685368	97685418	2
chr15	99401186	99401236	2
chr2	228088726	228088776	2
chr17	76992213	76992263	2
chr15	64386271	64386321	0
chr6	80165422	80165472	0
chr3	189042590	189042640	2
chr16	25189015	25189065	0
chr8	117355384	117355434	2
chr2	152266434	152266484	2
chr17	55665531	55665581	2
chr1	236687788	236687838	0
chr2	138721764	138721814	0
chr11	66764529	66764579	2
chr14	102529640	102529690	1
chrX	142209362	142209412	2
chr19	1254862	1254912	0
chr2	179058384	179058434	2
chr1	218879322	218879372	2
chr5	72174887	72174937	2
chr11	115558816	115558866	2
chr3	101670314	101670364	0
chr10	116582738	116582788	2
chr7	73246675	73246725	2
chr17	17843941	17843991	0
chr7	85183754	85183804	1
chr5	175281690	175281740	2
chr1	170084100	170084150	0
chr22	31030549	31030599	1
chr2	201728794	201728844	0
chr2	191364156	191364206	2
chr15	70261988	70262038	2
chr13	27412188	27412238	0
chr17	16004445	16004495	2
chr14	37583385	37583435	2
chr5	16542650	16542700	2
chr1	193028630	193028680	0
chr1	220510866	220510916	2
chr2	66480385	66480435	2
chr1	101754139	101754189	1
chr16	49995149	49995199	2
chr13	113366331	113366381	0
chr14	34100917	34100967	2
chr9	89054985	89055035	2
chr7	42131451	42131501	2
chr12	84559991	84560041	2
chr10	70748529	70748579	2
chr16	46796608	46796658	0
chr8	30290791	30290841	2
chr9	98931844	98931894	2
chr5	124833919	124833969	2
chr1	17625233	17625283	2
chr14	68925958	68926008	2
chr7	88753452	88753502	2
chr14	37482002	37482052	2
chr6	137061503	137061553	2
chr14	66096174	66096224	2
chr9	71908203	71908253	2
chr6	152589557	152589607	1
chr22	18122371	18122421	2
chr8	91901034	91901084	0
chr2	134255343	134255393	2
chr5	54507161	54507211	2
chr7	38310754	38310804	2
chr10	91402130	91402180	0
chr1	62707474	62707524	2
chr19	18852744	18852794	2
chr6	113755129	113755179	2
chr8	99687518	99687568	2
chr16	80058129	80058179	0
chr20	49190121	49190171	2
chr4	77129700	77129750	2
chr15	81567345	81567395	0
chr6	74346111	74346161	0
chr3	8456583	8456633	2
chr3	14863854	14863904	2
chr1	150336078	150336128	2
chr17	80189854	80189904	2
chr20	45985408	45985458	2
chr13	92831638	92831688	2
chr21	36626308	36626358	2
chr9	22129530	22129580	2
chr21	40443800	40443850	0
chr7	104400970	104401020	2
chr17	7186374	7186424	2
chr7	100711496	100711546	2
chr6	39625360	39625410	2
chr21	24228101	24228151	2
chr15	69582015	69582065	2
chr2	225233907	225233957	1
chr13	107128480	107128530	2
chr14	102276262	102276312	0
chr3	101522185	101522235	1
chr2	38818558	38818608	2
chr6	38405001	38405051	0
chr3	32599321	32599371	2
chr1	161391406	161391456	2
chr12	48921296	48921346	0
chr1	168735950	168736000	2
chr16	85499693	85499743	0
chr10	75173163	75173213	2
chr7	75707025	75707075	2
chr18	48149353	48149403	2
chr1	109841339	109841389	2
chr12	97813873	97813923	0
chr20	20529518	20529568	2
chr5	865677	865727	2
chr3	143862939	143862989	2
chr1	12603753	12603803	2
chr8	70404668	70404718	2
chr16	83987953	83988003	2
chr19	18117813	18117863	2
chr7	56225059	56225109	2
chr8	91593791	91593841	0
chrX	9757131	9757181	2
chr10	1020029	1020079	2
chr2	164028711	164028761	2
chr14	42130891	42130941	2
chr6	17116416	17116466	0
chr5	105648215	105648265	2
chr17	47585895	47585945	2
chr16	72959005	72959055	2
chr18	43382941	43382991	2
chr11	117173902	117173952	2
chr8	102952863	102952913	2
chr12	46518093	46518143	2
chr3	159590335	159590385	2
chr21	44999013	44999063	2
chr6	23517296	23517346	2
chr15	74449363	74449413	2
chr15	33299518	33299568	2
chr11	76799810	76799860	1
chr17	59434131	59434181	1
chr2	166731113	166731163	1
chr6	143381377	143381427	2
chr20	8186791	8186841	2
chr12	57119158	57119208	0
chr15	83559701	83559751	0
chr15	96919748	96919798	0
chr15	88694077	88694127	2
chr15	68318504	68318554	2
chr11	64546373	64546423	0
chr2	103220537	103220587	0
chr12	53445072	53445122	2
chr14	103460149	103460199	0
chr5	113998797	113998847	2
chr1	71927255	71927305	2
chr8	70381340	70381390	2
chr16	16195648	16195698	2
chr17	63530109	63530159	0
chr15	36799138	36799188	2
chr7	93925257	93925307	1
chr5	21201173	21201223	2
chr12	79452441	79452491	2
chr6	89545127	89545177	2
chr16	73010530	73010580	2
chr16	12667802	12667852	1
chr12	112081285	112081335	2
chr7	65372707	65372757	2
chr12	26185713	26185763	2
chr10	29554314	29554364	2
chr5	134977608	134977658	2
chr16	11292835	11292885	2
chr16	88685033	88685083	2
chr5	24634003	24634053	1
chr10	109374506	109374556	2
chr4	15446746	15446796	2
chr18	45660300	45660350	2
chr5	77961825	77961875	0
chr2	71871262	71871312	2
chr1	83568454	83568504	2
chr6	23017038	23017088	0
chr1	114723222	114723272	0
chr2	161609801	161609851	2
chr19	8523447	8523497	2
chr11	32125111	32125161	2
chr10	62896098	62896148	2
chr15	99847274	99847324	2
chr5	66390698	66390748	1
chr16	78693539	78693589	2
chr11	47270830	47270880	2
chr10	19083290	19083340	2
chr15	91974674	91974724	2
chr6	139908860	139908910	2
chr6	55053140	55053190	2
chr13	103250238	103250288	2
chr13	39255722	39255772	0
chr9	35426837	35426887	2
chr16	72978923	72978973	2
chr15	90471721	90471771	2
chr4	91746230	91746280	2
chr9	36575817	36575867	2
chr22	46847001	46847051	2
chr2	46319653	46319703	2
chr3	66532263	66532313	2
chr2	161285925	161285975	1
chr10	9154084	9154134	0
chr2	82715864	82715914	2
chr3	24681943	24681993	1
chr4	55575775	55575825	2
chr2	37113052	37113102	0
chr3	187754418	187754468	2
chr3	156294617	156294667	0
chr9	88040225	88040275	1
chr9	124370049	124370099	2
chr10	74877846	74877896	2
chr12	81105917	81105967	2
chr1	218671454	218671504	2
chr6	144643335	144643385	2
chr4	20594419	20594469	2
chr8	115103215	115103265	1
chr8	117000259	117000309	2
chr1	24867676	24867726	2
chr18	32559337	32559387	2
chr7	111370751	111370801	1
chr11	27223671	27223721	2
chr11	47544970	47545020	2
chr5	76606766	76606816	2
chr6	8064674	8064724	0
chr1	24742461	24742511	2
chr1	113007227	113007277	0
chr14	42168837	42168887	2
chr10	63710729	63710779	2
chr5	55787111	55787161	2
chr7	150810817	150810867	2
chr7	140281589	140281639	2
chr2	11671267	11671317	2
chr14	38058005	38058055	2
chr14	76522925	76522975	2
chr1	182931936	182931986	0
chr8	127636835	127636885	2
chr6	22924314	22924364	2
chr6	132144609	132144659	0
chr1	235011481	235011531	0
chr5	117488192	117488242	2
chr12	118710316	118710366	2
chr1	150944042	150944092	2
chr1	205908872	205908922	0
chr2	238602392	238602442	2
chr1	245925857	245925907	2
chr10	126833321	126833371	2
chr18	19624671	19624721	2
chr6	157991381	157991431	2
chr20	44420429	44420479	0
chr11	86282813	86282863	2
chr7	26893574	26893624	1
chr15	51791741	51791791	1
chr4	24475270	24475320	2
chr7	16975285	16975335	0
chrX	132190711	132190761	0
chr5	44056659	44056709	2
chr6	42532940	42532990	2
chr3	19030873	19030923	2
chr7	142146119	142146169	1
chr5	36242153	36242203	2
chr12	12870249	12870299	2
chr13	52028107	52028157	2
chr8	19315710	19315760	2
chr15	95023821	95023871	2
chr10	126723881	126723931	2
chr9	2022699	2022749	2
chr1	117360286	117360336	2
chr4	183846681	183846731	0
chr11	65148447	65148497	1
chr6	39835637	39835687	0
chr10	30530221	30530271	1
chr14	74226557	74226607	2
chr1	201528936	201528986	1
chr17	63290459	63290509	1
chrX	69353235	69353285	1
chr15	34058704	34058754	1
chr14	106642667	106642717	1
chr15	52432198	52432248	1
chr2	88487628	88487678	1
chr9	139923368	139923418	1
chr12	101808476	101808526	1
chr9	1434336	1434386	0
chr7	149322775	149322825	2
chr5	50258922	50258972	1
chr10	127387432	127387482	0
chr7	30948567	30948617	0
chr12	89923739	89923789	2
chr20	4205147	4205197	0
chr5	180616058	180616108	0
chr1	244386392	244386442	1
chr13	50655972	50656022	0
chr7	64720824	64720874	0
chr11	45676959	45677009	1
chr5	37838466	37838516	0
chr10	71560999	71561049	1
chr7	111403678	111403728	1
chr19	10613273	10613323	0
chr2	63771334	63771384	2
chr9	34562319	34562369	1
chr7	149675739	149675789	1
chr5	117964839	117964889	1
chr22	19953725	19953775	1
chr1	16142179	16142229	1
chr15	68608985	68609035	1
chr7	143084896	143084946	0
chr17	42018118	42018168	1
chr5	129235318	129235368	1
chr13	77576893	77576943	1
chr2	216601597	216601647	1
chr12	122065267	122065317	0
chr6	16762949	16762999	1
chr7	31768991	31769041	0
chr2	171153683	171153733	1
chr5	80488316	80488366	0
chr8	48649410	48649460	1
chr14	107012844	107012894	1
chr1	220011238	220011288	1
chr1	32181409	32181459	0
chr17	72683122	72683172	2
chr17	29044132	29044182	1
chr1	53370653	53370703	0
chr7	121187724	121187774	1
chr3	13202641	13202691	0
chr20	9818732	9818782	0
chr8	141400966	141401016	1
chr6	90889103	90889153	1
chr5	127211390	127211440	0
chr12	82752554	82752604	1
chr7	144867168	144867218	1
chr2	231003077	231003127	2
chrX	77963874	77963924	1
chr10	99223544	99223594	1
chrX	68713162	68713212	1
chr11	5574760	5574810	1
chrX	48370098	48370148	1
chr14	22508674	22508724	1
chr5	7436783	7436833	1
chr1	25176346	25176396	1
chr8	120221687	120221737	2
chr13	99083534	99083584	1
chr9	107625674	107625724	1
chr15	40567067	40567117	1
chr2	175874833	175874883	1
chr8	37016897	37016947	1
chr8	144373524	144373574	0
chr7	36024933	36024983	1
chr1	168679526	168679576	1
chr10	73950191	73950241	1
chrX	41619245	41619295	1
chr20	55797409	55797459	0
chr2	5765888	5765938	0
chr7	142135228	142135278	1
chr5	64372420	64372470	2
chr5	102855421	102855471	1
chr15	52970408	52970458	1
chr3	33729179	33729229	0
chr5	135065347	135065397	1
chr5	85600952	85601002	1
chr2	12003909	12003959	1
chr5	133625389	133625439	1
chr1	152416623	152416673	1
chr4	75242764	75242814	1
chr2	162803210	162803260	1
chr2	149955991	149956041	1
chr20	39790653	39790703	1
chr3	27788483	27788533	0
chr15	95213834	95213884	1
chr20	40523808	40523858	1
chr12	57505636	57505686	0
chr4	7878008	7878058	1
chr16	89477336	89477386	2
chr11	2058266	2058316	1
chr5	139485780	139485830	1
chr1	185664613	185664663	1
chr15	27410909	27410959	2
chr2	171729880	171729930	1
chr1	7048087	7048137	2
chr5	177551636	177551686	0
chr15	101555552	101555602	1
chr15	47488343	47488393	1
chr15	39283504	39283554	1
chr1	163285745	163285795	1
chr3	1145383	1145433	1
chr2	21540184	21540234	1
chr15	44067784	44067834	1
chr17	75817313	75817363	1
chrX	107213369	107213419	0
chr10	44834908	44834958	2
chrX	47428496	47428546	0
chr12	29151935	29151985	1
chr2	102841996	102842046	2
chr9	139521989	139522039	0
chr10	25315597	25315647	1
chr9	100459351	100459401	0
chr10	135071469	135071519	0
chr14	93799591	93799641	1
chr5	174508779	174508829	1
chr8	144614424	144614474	1
chr18	73403668	73403718	0
chr7	68868307	68868357	1
chr17	80855576	80855626	0
chr16	68772262	68772312	1
chr10	14438811	14438861	0
chr14	24777460	24777510	1
chr4	73192587	73192637	1
chr12	100798731	100798781	1
chr2	100938911	100938961	0
chr11	122925156	122925206	1
chr17	55749417	55749467	1
chr4	155467026	155467076	1
chr19	39888440	39888490	1
chr15	74415509	74415559	0
chr8	142148094	142148144	1
chr7	115316418	115316468	0
chr11	64085664	64085714	0
chr7	93919925	93919975	2
chr11	75087417	75087467	1
chr8	119427358	119427408	1
chr8	110651985	110652035	1
chr17	39643198	39643248	1
chr17	53899952	53900002	0
chr1	75237777	75237827	1
chr5	158868508	158868558	0
chr14	106465995	106466045	1
chr2	242640845	242640895	0
chr9	124132800	124132850	0
chr3	39765864	39765914	1
chr21	38592929	38592979	2
chr16	21313097	21313147	0
chr11	36768754	36768804	1
chr22	41214945	41214995	0
chr6	27759999	27760049	1
chr9	94496818	94496868	1
chr6	20789547	20789597	0
chr10	48384992	48385042	0
chr9	21183343	21183393	0
chr1	19210804	19210854	2
chr16	3062151	3062201	0
chr1	215700064	215700114	1
chr2	114557040	114557090	0
chr18	56197139	56197189	1
chr4	1750535	1750585	1
chr21	34733272	34733322	1
chrX	3730239	3730289	2
chr5	60643203	60643253	0
chr18	9722809	9722859	1
chr17	72858513	72858563	1
chr1	144865236	144865286	0
chr5	810484	810534	2
chr22	35746880	35746930	1
chr10	68685617	68685667	0
chr4	84692432	84692482	1
chr17	73625644	73625694	0
chr3	173450991	173451041	1
chr4	47465628	47465678	0
chr2	231968966	231969016	2
chr1	86981480	86981530	1
chr14	41854244	41854294	0
chr2	228797274	228797324	1
chr3	189685222	189685272	1
chr20	8000100	8000150	1
chr11	35843823	35843873	1
chr2	10897972	10898022	0
chr16	67697523	67697573	0
chr14	77767551	77767601	1
chr7	132532838	132532888	0
chr7	30452816	30452866	1
chr12	111639019	111639069	0
chr10	100508216	100508266	1
chr7	106532149	106532199	1
chr11	118478635	118478685	1
chr2	26683326	26683376	0
chr3	185811520	185811570	0
chr7	132003659	132003709	1
chr1	204776229	204776279	1
chr9	132500222	132500272	0
chr17	52978002	52978052	0
chr15	23887718	23887768	1
chr11	62380065	62380115	1
chr2	230933082	230933132	0
chrX	142837817	142837867	0
chr9	140779901	140779951	2
chr3	184788552	184788602	0
chr1	104003979	104004029	1
chr10	101945252	101945302	2
chr3	142650187	142650237	0
chr3	10416140	10416190	1
chr17	42245960	42246010	1
chr12	6861589	6861639	0
chr20	61053353	61053403	1
chr6	132714101	132714151	1
chr3	139654155	139654205	1
chr20	19192641	19192691	1
chr10	50747339	50747389	0
chr2	18559473	18559523	1
chr1	160189536	160189586	1
chr2	198243280	198243330	2
chr7	2387786	2387836	1
chr6	168200159	168200209	2
chr1	163041742	163041792	1
chr5	94186137	94186187	1
chr4	72055355	72055405	2
chr1	231908862	231908912	2
chr8	99559281	99559331	2
chr16	68663567	68663617	0
chr6	151727344	151727394	1
chr2	159036334	159036384	1
chr11	15298329	15298379	1
chr15	89954782	89954832	0
chr7	139025996	139026046	1
chr10	12824612	12824662	1
chr1	215197368	215197418	2
chr5	140819080	140819130	0
chr7	42111703	42111753	0
chr12	27805263	27805313	1
chr3	120050105	120050155	0
chr8	105265897	105265947	2
chr14	93752437	93752487	1
chr1	40167686	40167736	1
chr15	42196878	42196928	1
chr11	36063724	36063774	1
chr7	107384027	107384077	1
chr3	38692868	38692918	1
chr7	124303155	124303205	1
chr14	37117303	37117353	1
chr9	135287685	135287735	1
chr9	129393660	129393710	0
chr9	128246367	128246417	1
chr14	106765391	106765441	1
chr17	46338812	46338862	1
chr10	125341804	125341854	1
chr5	134887696	134887746	1
chrX	141177158	141177208	1
chr9	35726955	35727005	0
chr18	13139927	13139977	1
chr7	135389024	135389074	1
chr5	137688345	137688395	0
chr11	17526281	17526331	1
chr1	38966073	38966123	0
chr17	17946969	17947019	1
chr16	90281875	90281925	1
chr7	9304212	9304262	2
chr3	115503493	115503543	1
chr8	122333613	122333663	0
chr2	192096811	192096861	1
chr22	22001157	22001207	1
chrX	102431466	102431516	1
chr6	119655056	119655106	2
chr1	206718278	206718328	1
chr19	12903340	12903390	0
chr3	107150710	107150760	0
chr7	157069010	157069060	0
chr10	54489442	54489492	1
chr10	114067785	114067835	1
chr2	75092595	75092645	0
chr2	203693582	203693632	1
chr7	131924308	131924358	0
chr2	80087867	80087917	1
chr13	93769229	93769279	2
chr17	13044302	13044352	0
chr13	73796912	73796962	0
chr6	67822044	67822094	2
chr18	24229840	24229890	1
chr15	38766504	38766554	1
chr2	72377636	72377686	1
chr16	69971482	69971532	1
chr9	19457582	19457632	1
chr1	919680	919730	1
chr9	10479377	10479427	1
chr17	62772868	62772918	0
chr21	22536392	22536442	1
chr5	138728408	138728458	1
chr4	4996997	4997047	1
chr10	55213178	55213228	0
chr16	33798460	33798510	1
chr2	233198250	233198300	1
chr6	2988587	2988637	0
chr1	179851906	179851956	0
chr6	37333692	37333742	1
chr5	101313618	101313668	1
chr21	47841208	47841258	0
chr7	137983128	137983178	0
chr2	196525182	196525232	1
chr12	54793235	54793285	1
chr11	123382105	123382155	1
chr6	124287178	124287228	1
chr1	156882713	156882763	1
chr1	76457364	76457414	1
chr21	27235002	27235052	1
chr20	56785200	56785250	0
chr5	134793320	134793370	1
chr21	17454921	17454971	1
chr2	32943967	32944017	0
chr17	55485845	55485895	2
chr3	159536185	159536235	0
chr22	30168483	30168533	0
chr18	61912034	61912084	2
chr8	22431995	22432045	1
chr12	51441663	51441713	1
chr14	70659733	70659783	0
chr21	27268218	27268268	1
chr1	91492467	91492517	1
chr12	49208450	49208500	0
chr6	35704222	35704272	1
chr13	22830543	22830593	1
chr4	113249183	113249233	1
chr1	114825594	114825644	1
chr8	71520490	71520540	1
chr5	87077110	87077160	1
chr10	27735142	27735192	1
chr8	37761572	37761622	2
chr17	77105824	77105874	1
chr4	132998094	132998144	0
chr3	103513725	103513775	1
chr10	60941601	60941651	1
chr4	9497281	9497331	1
chr17	74295094	74295144	1
chr19	11236931	11236981	1
chr14	68171352	68171402	1
chr16	9573034	9573084	1
chr11	124958993	124959043	0
chr3	87553216	87553266	1
chr9	103881668	103881718	1
chr11	58974263	58974313	1
chr8	133206250	133206300	1
chrX	99201887	99201937	0
chr19	51396531	51396581	1
chr20	61491834	61491884	1
chr18	48346425	48346475	1
chr4	119955891	119955941	1
chr16	2202910	2202960	0
chr1	216285357	216285407	1
chr5	175843616	175843666	1
chr19	34489818	34489868	1
chr8	49084849	49084899	1
chr6	108581765	108581815	0
chr11	121523820	121523870	1
chr3	196983879	196983929	1
chr1	204593274	204593324	1
chr2	200838674	200838724	0
chr3	58810055	58810105	0
chr4	55536125	55536175	1
chr1	118696932	118696982	2
chr9	4225882	4225932	0
chr2	204973142	204973192	1
chr7	142636821	142636871	1
chr20	29591693	29591743	1
chr15	32951495	32951545	2
chr10	24672789	24672839	0
chr3	193964124	193964174	0
chr2	121433377	121433427	0
chr11	9406694	9406744	1
chr5	131755488	131755538	1
chr4	153020793	153020843	0
chr5	167009432	167009482	1
chr8	145909844	145909894	1
chr17	49021719	49021769	1
chr2	178623795	178623845	0
chr11	84511962	84512012	1
chr9	2336246	2336296	1
chr1	226071862	226071912	0
chr7	104654090	104654140	1
chr15	22970254	22970304	0
chr8	99142424	99142474	1
chr1	246425225	246425275	0
chr14	64932653	64932703	0
chr1	205779787	205779837	1
chr2	84799762	84799812	0
chr17	48217393	48217443	1
chr7	18630541	18630591	1
chr9	44227426	44227476	1
chr7	33945312	33945362	0
chr5	102310045	102310095	1
chr1	210316982	210317032	1
chr9	13689166	13689216	1
chr12	54223141	54223191	1
chr2	213413406	213413456	0
chr2	143792114	143792164	1
chr16	75466932	75466982	1
chr2	112425263	112425313	2
chr2	85764876	85764926	0
chr15	79511113	79511163	1
chr17	45889749	45889799	1
chr14	95899576	95899626	1
chr17	7124354	7124404	1
chr14	75372537	75372587	1
chr17	76133559	76133609	1
chr16	85665729	85665779	0
chr5	141521180	141521230	0
chr6	20127125	20127175	1
chr11	76518608	76518658	1
chr15	51178295	51178345	1
chr1	238102019	238102069	1
chr4	87817061	87817111	1
chr16	66751084	66751134	1
chr9	127082750	127082800	1
chr10	93058160	93058210	1
chr8	66948888	66948938	1
chr2	235459333	235459383	1
chr9	36866987	36867037	1
chr1	66708530	66708580	1
chr3	63893898	63893948	1
chr8	27104949	27104999	1
chr19	11493585	11493635	1
chr5	78487456	78487506	1
chr8	25946320	25946370	1
chr16	50244604	50244654	1
chr4	8690010	8690060	0
chr2	47995194	47995244	1
chr20	22314962	22315012	1
chr6	36514819	36514869	0
chr1	39494325	39494375	1
chr21	16925598	16925648	1
chr2	48541560	48541610	0
chr17	34091229	34091279	1
chr9	104554452	104554502	0
chr5	142382769	142382819	1
chr4	184642634	184642684	1
chrX	7066381	7066431	2
chr14	93673451	93673501	0
chr7	83862227	83862277	2
chr3	5347233	5347283	1
chr17	78313170	78313220	1
chr14	24058348	24058398	1
chr12	122393825	122393875	1
chr7	77428602	77428652	0
chr6	51423996	51424046	0
chr6	73122078	73122128	1
chr14	99167149	99167199	2
chr2	219844667	219844717	1
chr1	201118691	201118741	1
chr8	94468442	94468492	1
chr7	28962339	28962389	2
chr3	52941624	52941674	0
chr16	66994996	66995046	0
chr8	80677614	80677664	1
chr12	13365177	13365227	1
chr5	53444038	53444088	2
chr16	56677582	56677632	0
chr11	8285509	8285559	1
chr5	140718185	140718235	2
chr3	62517339	62517389	1
chr10	79789384	79789434	1
chr22	22901686	22901736	1
chrX	118315610	118315660	1
chr10	134275428	134275478	1
chr16	78088030	78088080	0
chr7	18316225	18316275	1
chr4	131729830	131729880	1
chr11	3131509	3131559	1
chr17	75592537	75592587	0
chr14	25876120	25876170	1
chr9	137631135	137631185	1
chr15	23908523	23908573	0
chr4	169786264	169786314	0
chr2	152050236	152050286	0
chr4	5806505	5806555	1
chr4	107958567	107958617	0
chr1	45012613	45012663	2
chr5	38259073	38259123	0
chr4	184761548	184761598	1
chr15	70021662	70021712	1
chr4	163880414	163880464	1
chrUn_gl000212	127872	127922	0
chr17	17384589	17384639	2
chr4	94120905	94120955	1
chr22	41633698	41633748	1
chr17	70525662	70525712	1
chr4	69042415	69042465	1
chr2	48338451	48338501	1
chr3	119337803	119337853	0
chr10	31909508	31909558	0
chrX	77165986	77166036	1
chr17	45078653	45078703	1
chr2	206545007	206545057	1
chr8	140108725	140108775	1
chr3	53264126	53264176	1
chr4	86396038	86396088	0
chr1	89449696	89449746	1
chr8	144025115	144025165	1
chr10	72639944	72639994	1
chr18	67512975	67513025	1
chr7	50747057	50747107	0
chr4	78124924	78124974	1
chr13	40720384	40720434	1
chr9	115555670	115555720	1
chr10	25928746	25928796	1
chr9	73034709	73034759	0
chr2	65492362	65492412	1
chr5	172124669	172124719	1
chr12	52644299	52644349	0
chr2	227994679	227994729	1
chr7	78950677	78950727	0
chr3	674433	674483	1
chr1	11898878	11898928	1
chr19	5052655	5052705	1
chr3	89577002	89577052	0
chr3	70113501	70113551	1
chr13	32802566	32802616	1
chr15	75133574	75133624	2
chr1	183885271	183885321	1
chr4	184021058	184021108	0
chr11	64614735	64614785	1
chr18	74771654	74771704	1
chr10	45804376	45804426	1
chr2	20426279	20426329	2
chr1	1610433	1610483	0
chr1	229367574	229367624	0
chr2	50371594	50371644	1
chr6	49817444	49817494	1
chr17	70553228	70553278	1
chr7	51496090	51496140	1
chr7	149580653	149580703	1
chr16	81400110	81400160	1
chr3	148991097	148991147	1
chr17	10301813	10301863	2
chr6	38461889	38461939	1
chr3	110678370	110678420	1
chr1	22854546	22854596	1
chr4	17474129	17474179	1
chr17	11826091	11826141	1
chr2	155749006	155749056	2
chr3	150295812	150295862	1
chr7	1481281	1481331	0
chr7	96694457	96694507	1
chr17	69114372	69114422	1
chr17	64558503	64558553	0
chr16	24420536	24420586	1
chr11	72893927	72893977	1
chr6	125635395	125635445	1
chr10	113104803	113104853	0
chr6	42198165	42198215	1
chr2	12044365	12044415	0
chr6	88947977	88948027	1
chr16	1480941	1480991	2
chr9	137335321	137335371	1
chr19	36468522	36468572	1
chr11	64333019	64333069	0
chr3	68981802	68981852	0
chr3	136751430	136751480	1
chr1	38506328	38506378	1
chr7	1126692	1126742	1
chr10	74594156	74594206	1
chr1	220185783	220185833	2
chr12	109242202	109242252	0
chr3	128222100	128222150	1
chr8	38625968	38626018	1
chr20	412275	412325	1
chr3	178161563	178161613	1
chr4	42997520	42997570	1
chr20	44258309	44258359	1
chr16	48387630	48387680	1
chr1	7858518	7858568	1
chr5	137368058	137368108	0
chr4	149061864	149061914	1
chr13	103556173	103556223	1
chr12	56499077	56499127	0
chr8	10682998	10683048	1
chr1	1656116	1656166	1
chr6	14317619	14317669	0
chr10	78744736	78744786	1
chr11	46139569	46139619	1
chr3	109450906	109450956	1
chr8	105342317	105342367	0
chr1	9188743	9188793	0
chr11	67054175	67054225	0
chr4	6919508	6919558	2
chr14	56889482	56889532	1
chr14	22314616	22314666	1
chr2	40715310	40715360	2
chr3	64007696	64007746	2
chr5	59020499	59020549	1
chr8	103047638	103047688	0
chr2	112048193	112048243	0
chr1	232002575	232002625	1
chr15	97293753	97293803	0
chr20	61855945	61855995	1
chr10	49857885	49857935	0
chr11	115860820	115860870	2
chr1	51554309	51554359	1
chr5	92377671	92377721	1
chr9	140509188	140509238	0
chr16	70804679	70804729	0
chr9	111598679	111598729	1
chr17	31616141	31616191	1
chr15	77925988	77926038	1
chr10	121485115	121485165	0
chr4	104724112	104724162	1
chr19	39360622	39360672	1
chr12	44351711	44351761	1
chr5	17132794	17132844	1
chr17	41364061	41364111	0
chr3	53876909	53876959	1
chr8	99939081	99939131	0
chr8	21313644	21313694	1
chr7	105172977	105173027	0
chr19	6863742	6863792	1
chr14	74617806	74617856	1
chr9	35162101	35162151	0
chr2	97593665	97593715	1
chr2	46592184	46592234	1
chr4	87417420	87417470	1
chr10	81160388	81160438	1
chr17	4168002	4168052	0
chrX	99940841	99940891	1
chr1	89121543	89121593	1
chr16	157184	157234	1
chr2	163190659	163190709	1
chr18	864947	864997	1
chr6	68949120	68949170	0
chr3	150213528	150213578	1
chr7	51669381	51669431	2
chr15	60028528	60028578	0
chr9	107370789	107370839	1
chr2	63944207	63944257	0
chr17	59490038	59490088	0
chr8	99341233	99341283	1
chr1	15242019	15242069	1
chr9	92213190	92213240	1
chr1	228643567	228643617	1
chr20	7961401	7961451	1
chr9	90499106	90499156	2
chr2	86114908	86114958	1
chr9	136219003	136219053	1
chr9	140470519	140470569	1
chr11	47198996	47199046	1
chr2	20448167	20448217	2
chr8	140225723	140225773	1
chr14	96730318	96730368	1
chr16	11391738	11391788	2
chr16	89767975	89768025	1
chr1	156572669	156572719	2
chr9	137255334	137255384	0
chr7	150942694	150942744	1
chr8	128175997	128176047	2
chrUn_gl000212	101526	101576	0
chr5	74627482	74627532	0
chr7	115890178	115890228	1
chr7	26130699	26130749	0
chr17	50184173	50184223	1
chr12	54997135	54997185	1
chr19	45659912	45659962	1
chr10	4985237	4985287	0
chr20	50859335	50859385	1
chr6	16128961	16129011	2
chr10	4692952	4693002	2
chr15	70780529	70780579	1
chr11	44887649	44887699	1
chr4	10166620	10166670	1
chr1	67461898	67461948	1
chr8	33497854	33497904	1
chr5	140012986	140013036	2
chr1	241774467	241774517	1
chr16	34760666	34760716	0
chr12	93221778	93221828	1
chr22	37562716	37562766	1
chr7	132474159	132474209	0
chr1	45121377	45121427	1
chr19	46677285	46677335	1
chr15	75248637	75248687	1
chr12	116309626	116309676	2
chr3	169345731	169345781	2
chr10	17269426	17269476	1
chr15	88787287	88787337	1
chr22	22028017	22028067	1
chr4	147436357	147436407	1
chr1	151043240	151043290	1
chr12	101221838	101221888	1
chr9	140083554	140083604	0
chr4	55185236	55185286	1
chr8	13050684	13050734	0
chr2	134602018	134602068	1
chr12	48424097	48424147	0
chr9	115707943	115707993	0
chr4	47034804	47034854	1
chr11	76784446	76784496	0
chr12	52317347	52317397	1
chr2	72364752	72364802	1
chr15	91811891	91811941	0
chr4	185089728	185089778	1
chr1	36653555	36653605	0
chr3	14586400	14586450	0
chr7	149722349	149722399	1
chr3	79068001	79068051	0
chr15	102080909	102080959	1
chr9	86238525	86238575	0
chr2	216814853	216814903	1
chrX	93363142	93363192	1
chr8	101586373	101586423	1
chr11	117052150	117052200	1
chr9	93726697	93726747	1
chr15	100651520	100651570	0
chr11	101719168	101719218	1
chr14	30474497	30474547	1
chr1	212004150	212004200	1
chr17	59834005	59834055	1
chr14	106933886	106933936	0
chr11	2952089	2952139	1
chr9	71395191	71395241	2
chr2	136556523	136556573	1
chr12	62653947	62653997	0
chr5	172411435	172411485	1
chr1	184348648	184348698	1
chr8	101554501	101554551	1
chrX	129242838	129242888	0
chr16	70185457	70185507	1
chr1	49283355	49283405	1
chr7	24934640	24934690	1
chr11	71518902	71518952	1
chr6	130703050	130703100	0
chr21	47879108	47879158	0
chr2	178012020	178012070	1
chr17	75204765	75204815	2
chr1	222638716	222638766	0
chr9	135848126	135848176	1
chr14	32721455	32721505	1
chr1	110319613	110319663	1
chr17	7459045	7459095	1
chr13	46626817	46626867	1
chr1	118217826	118217876	0
chr5	30401761	30401811	1
chr18	51654320	51654370	1
chr14	23322800	23322850	1
chr1	6101668	6101718	1
chr9	136063777	136063827	1
chr16	11058030	11058080	1
chr2	25790450	25790500	1
chr1	222628627	222628677	1
chr9	136223807	136223857	1
chr14	90701848	90701898	1
chr8	142637024	142637074	1
chr14	37074830	37074880	1
chr3	54549680	54549730	0
chr2	214111572	214111622	1
chr8	127881781	127881831	1
chr7	155364576	155364626	0
chr9	140301594	140301644	1
chr17	48238993	48239043	1
chr10	83680149	83680199	1
chr10	115837933	115837983	0
chr2	8248379	8248429	0
chr15	21268135	21268185	0
chr14	23590256	23590306	0
chr9	1211655	1211705	0
chrX	16762288	16762338	1
chr7	38491598	38491648	1
chr9	140131051	140131101	1
chr17	42161740	42161790	1
chr3	15900458	15900508	2
chr2	72161175	72161225	1
chr14	50527785	50527835	0
chr9	69162186	69162236	0
chr1	222912183	222912233	1
chr5	318940	318990	2
chr15	41988377	41988427	1
chr5	72512296	72512346	0
chr21	43166354	43166404	0
chr17	26821881	26821931	1
chr14	40173941	40173991	1
chr9	21789586	21789636	1
chr7	65878791	65878841	1
chr4	83476669	83476719	0
chr6	130073152	130073202	1
chr17	10261239	10261289	1
chr1	156163829	156163879	1
chr22	19418553	19418603	1
chr15	45722632	45722682	1
chr16	55978358	55978408	1
chr21	44922465	44922515	1
chr7	84544114	84544164	2
chr6	87646933	87646983	1
chr14	105399888	105399938	1
chr11	62537421	62537471	0
chr6	123003033	123003083	1
chr13	111868737	111868787	1
chr18	44576922	44576972	1
chr6	26253673	26253723	0
chr21	44274958	44275008	2
chr2	72533044	72533094	2
chr12	130663745	130663795	0
chr8	92355936	92355986	1
chr14	22675280	22675330	2
chr6	24283333	24283383	1
chr12	97160168	97160218	2
chr17	73717571	73717621	0
chr7	35559905	35559955	0
chr1	113616242	113616292	0
chr7	89400497	89400547	1
chr12	48264425	48264475	1
chr17	76967521	76967571	1
chr2	177517219	177517269	1
chr12	49736357	49736407	1
chr13	51644252	51644302	1
chr19	8590342	8590392	1
chr9	94422284	94422334	1
chr11	1536886	1536936	1
chr2	180942209	180942259	1
chr14	100773516	100773566	0
chr10	130459177	130459227	1
chr14	66826311	66826361	1
chr8	79305827	79305877	1
chr7	31174238	31174288	1
chr17	530578	530628	0
chr11	22174458	22174508	1
chr20	3869940	3869990	0
chr14	22179755	22179805	1
chr12	26427677	26427727	0
chrX	125132565	125132615	1
chr8	134508803	134508853	1
chr15	40602387	40602437	1
chr3	94312564	94312614	0
chr8	140663447	140663497	0
chr2	110493976	110494026	1
chr7	2103606	2103656	1
chr4	6649785	6649835	0
chr12	53738818	53738868	1
chr1	165227328	165227378	1
chr2	950231	950281	1
chrX	149533842	149533892	0
chr5	67542806	67542856	1
chr15	94774645	94774695	0
chr15	33494234	33494284	0
chr22	19667270	19667320	1
chr10	15251994	15252044	1
chr6	145535798	145535848	1
chr5	16741198	16741248	1
chr13	101404336	101404386	0
chr1	17011371	17011421	2
chr22	40907741	40907791	0
chr14	54947624	54947674	2
chr5	171339308	171339358	1
chr20	43571041	43571091	0
chr18	55626640	55626690	1
chr2	168149021	168149071	1
chr5	102918227	102918277	1
chr11	94630601	94630651	1
chr2	55646998	55647048	0
chrX	47886174	47886224	1
chrX	137008431	137008481	1
chr4	102977002	102977052	0
chr17	63452216	63452266	1
chr12	25726261	25726311	1
chr5	2810916	2810966	0
chr2	27844528	27844578	2
chr1	110331608	110331658	1
chr18	2121416	2121466	0
chr6	53593547	53593597	1
chr5	92174136	92174186	1
chr17	72984257	72984307	1
chr5	76814323	76814373	1
chr15	68675936	68675986	1
chr1	152365419	152365469	1
chr3	87309504	87309554	1
chr15	57372653	57372703	0
chr3	43732033	43732083	0
chr18	29137520	29137570	0
chr14	33901785	33901835	1
chr3	15546676	15546726	1
chr8	64304007	64304057	1
chr14	79314750	79314800	1
chr12	76953400	76953450	0
chr7	39620171	39620221	1
chr13	36662400	36662450	0
chr2	46526010	46526060	0
chr4	166033803	166033853	0
chr5	161675215	161675265	0
chr12	98520550	98520600	0
chr11	115375257	115375307	1
chr12	38536955	38537005	1
chr9	132391086	132391136	0
chr3	155577840	155577890	1
chr20	52816343	52816393	1
chr2	178589563	178589613	1
chr7	12725333	12725383	0
chr5	136227037	136227087	1
chr15	37974659	37974709	0
chr2	171785563	171785613	0
chr14	81053538	81053588	1
chr7	93906300	93906350	1
chr14	36538853	36538903	1
chr3	53879718	53879768	0
chr4	75177592	75177642	1
chr3	75343532	75343582	2
chr22	26419627	26419677	0
chr14	52510560	52510610	1
chr4	78539964	78540014	1
chr3	112250342	112250392	1
chr1	225960163	225960213	1
chr15	49104019	49104069	0
chr1	39724484	39724534	1
chr6	1644571	1644621	0
chr11	79151183	79151233	0
chr5	176212979	176213029	0
chr5	138677435	138677485	1
chr7	130676034	130676084	1
chr1	207108994	207109044	1
chr12	65091968	65092018	1
chr7	35664353	35664403	1
chr1	114521541	114521591	1
chr10	52697460	52697510	1
chr3	108381161	108381211	1
chr12	50368110	50368160	1
chr4	153656647	153656697	1
chr6	42515478	42515528	1
chr2	31360942	31360992	0
chr5	32329630	32329680	1
chr5	61927965	61928015	1
chr8	65608318	65608368	1
chr2	86252435	86252485	0
chr13	20501428	20501478	1
chr3	89098425	89098475	1
chr10	9117548	9117598	1
chr12	94942148	94942198	0
chr18	9859442	9859492	0
chr15	51981238	51981288	1
chr15	62765219	62765269	0
chr12	46466151	46466201	0
chr21	35747939	35747989	0
chr7	133701596	133701646	1
chr2	208339784	208339834	1
chr5	153900645	153900695	1
chr14	22669166	22669216	1
chr7	38579642	38579692	2
chr17	74393411	74393461	1
chr5	113785749	113785799	1
chr10	71674565	71674615	1
chr5	146889394	146889444	0
chr6	88639679	88639729	1
chr18	43460081	43460131	1
chrX	10087621	10087671	1
chr7	21762129	21762179	0
chrX	133160995	133161045	0
chr8	142938172	142938222	0
chr2	66487540	66487590	0
chr7	100926423	100926473	1
chr6	146864611	146864661	1
chr7	13072303	13072353	1
chr16	75285345	75285395	1
chr6	131520973	131521023	1
chr2	25500245	25500295	1
chrX	143671936	143671986	1
chr11	106177853	106177903	1
chr19	45665449	45665499	1
chr12	129015838	129015888	0
chr7	149757750	149757800	1
chr1	43222805	43222855	1
chr1	182374042	182374092	0
chr15	68522538	68522588	0
chr4	26721747	26721797	1
chr11	67043544	67043594	0
chr5	57756722	57756772	1
chr10	43844065	43844115	1
chr10	107935706	107935756	1
chr20	48687872	48687922	0
chr15	49931128	49931178	0
chr16	48151530	48151580	1
chr2	172580898	172580948	0
chr16	572073	572123	1
chr8	143210338	143210388	1
chr4	75973488	75973538	0
chr1	70902431	70902481	1
chr16	4526323	4526373	0
chr15	76044881	76044931	1
chr1	178743570	178743620	1
chr12	128258188	128258238	1
chr4	99977354	99977404	1
chr2	160041994	160042044	1
