chr20	21284555	21284605	5
chr9	84300909	84300959	4
chr11	12520761	12520811	4
chr9	97681871	97681921	4
chr16	89638629	89638679	3
chr12	49785907	49785957	5
chr20	34195463	34195513	3
chr7	26693391	26693441	3
chr5	90354604	90354654	4
chr7	138144480	138144530	5
chr5	140372655	140372705	4
chr12	54560474	54560524	4
chr5	55575890	55575940	2
chr15	66944773	66944823	4
chr7	73879389	73879439	4
chr7	20784636	20784686	0
chr12	71105720	71105770	2
chr17	29836012	29836062	4
chr20	50331809	50331859	4
chr15	71185474	71185525	6
chr3	16939225	16939275	4
chr18	75414696	75414746	4
chr2	12190743	12190793	5
chr10	121855486	121855536	5
chr5	150226828	150226878	0
chr6	55692699	55692750	1
chr7	108493837	108493887	4
chr7	19891289	19891339	4
chr7	75719145	75719195	4
chr3	12894873	12894923	2
chr19	13733642	13733692	4
chr21	16920124	16920174	4
chr17	43978588	43978638	3
chr8	132378209	132378259	5
chr14	73393032	73393082	4
chr20	14859834	14859884	4
chr5	14664148	14664198	5
chr5	127457612	127457662	2
chr6	108533012	108533062	4
chr17	59277025	59277075	3
chr20	44501527	44501577	2
chr6	42420510	42420560	5
chr1	95561484	95561534	3
chr2	236504236	236504287	6
chr3	72987947	72987997	5
chr16	12009939	12009989	0
chr16	68001326	68001376	3
chr3	124505772	124505822	4
chr6	132147318	132147368	4
chr8	224454	224504	4
chr6	15390711	15390762	6
chr6	126385908	126385958	4
chr9	15511234	15511284	4
chr12	111142708	111142759	1
chr1	116991644	116991694	3
chr17	57518312	57518363	6
chr15	41310664	41310714	2
chr9	115090528	115090578	4
chr17	76870285	76870335	3
chr1	151696477	151696527	2
chr11	84669447	84669497	4
chr5	117475255	117475305	4
chr15	40347577	40347627	3
chr1	217598413	217598463	5
chr12	14667343	14667394	6
chr10	126713371	126713421	2
chr13	109747497	109747547	4
chr12	123402263	123402313	4
chr3	94678080	94678130	3
chr8	101707579	101707629	4
chr5	71228713	71228764	1
chr7	157028874	157028924	4
chr8	99411381	99411431	4
chr9	112852138	112852188	4
chr11	61739267	61739317	4
chr2	36981948	36981998	4
chr7	30375847	30375897	4
chr21	40185490	40185540	5
chr6	13726023	13726073	5
chr16	73301198	73301248	4
chr1	168876408	168876458	4
chr3	118817635	118817686	6
chr8	102600146	102600196	4
chr1	223174266	223174316	4
chr1	27029029	27029079	2
chr20	14035950	14036001	6
chr2	44683222	44683272	5
chr6	1243738	1243788	4
chr15	89714874	89714925	6
chr2	75120290	75120340	4
chr15	83955030	83955080	3
chr1	222763085	222763135	3
chr14	35874743	35874793	5
chr5	1010342	1010392	4
chrX	22693248	22693298	5
chr1	113248087	113248137	2
chr21	45554719	45554769	4
chr2	6056277	6056327	4
chr1	152025192	152025243	6
chr12	58119974	58120025	6
chr7	83278408	83278458	4
chr2	55052175	55052225	4
chr6	107830756	107830806	5
chr14	26092119	26092169	4
chr10	101039357	101039407	4
chr2	40478429	40478479	4
chr14	89704400	89704450	0
chr1	109354617	109354667	4
chr6	149564215	149564265	4
chr8	105089925	105089975	4
chr7	44078969	44079019	4
chr7	99601735	99601785	4
chr5	114709977	114710027	3
chr12	56553325	56553375	4
chr7	112023533	112023583	5
chr19	43702981	43703032	1
chrX	100150515	100150566	6
chr10	72894878	72894928	3
chr6	11428317	11428367	4
chr4	3673741	3673791	4
chr6	131687537	131687587	4
chr11	78808703	78808753	4
chr1	26448646	26448696	4
chr20	18964588	18964638	4
chr2	221092322	221092372	4
chr3	32086956	32087006	4
chr1	168596795	168596845	4
chr14	34770511	34770562	6
chr6	119805960	119806010	2
chr17	41985546	41985596	4
chr19	46172426	46172476	5
chr11	34078746	34078796	3
chr14	55894186	55894236	4
chr5	61988482	61988532	2
chr2	163846130	163846180	2
chr4	106009777	106009827	5
chr8	102769352	102769402	4
chr7	40772990	40773040	5
chr2	100190694	100190744	5
chr12	107368437	107368487	4
chr1	85680585	85680635	4
chr21	36702398	36702448	4
chr10	52548852	52548903	6
chr9	80659190	80659240	5
chr12	107038808	107038858	5
chr3	15797477	15797527	4
chrX	24168261	24168311	4
chr1	193075177	193075227	4
chr11	68530872	68530922	2
chr5	78489757	78489807	5
chr14	34551187	34551237	4
chr1	217139786	217139836	4
chr10	111896964	111897015	1
chr9	35180117	35180167	4
chr8	134885461	134885511	2
chr8	42350033	42350083	4
chr12	56915486	56915536	5
chr16	79338104	79338154	2
chr11	65309337	65309387	4
chr11	29365442	29365493	6
chr2	58109136	58109186	2
chr15	64978491	64978542	6
chr5	123932811	123932861	5
chr21	41690801	41690851	3
chr8	73232210	73232261	6
chr3	195101870	195101920	4
chr17	60130344	60130394	5
chr7	36077044	36077094	4
chr6	1296363	1296413	5
chr8	126540878	126540928	4
chr5	100226206	100226256	2
chr7	27573985	27574035	4
chr8	86879133	86879183	4
chr2	218231600	218231650	5
chr11	115040692	115040742	4
chr15	94791679	94791729	4
chr4	75240816	75240866	5
chr9	15135278	15135328	4
chr6	55607428	55607478	4
chr1	206904333	206904383	4
chr21	27498406	27498456	4
chr9	92218211	92218261	4
chr7	45283569	45283619	4
chr2	240737740	240737790	4
chr16	73077764	73077814	4
chr2	11857012	11857062	4
chr6	134935995	134936045	5
chr12	52348843	52348893	5
chr3	72475750	72475800	4
chr15	99421037	99421087	4
chr10	49571724	49571775	6
chr2	49253787	49253837	4
chr3	185826999	185827049	4
chr15	99322988	99323039	6
chr7	116062521	116062571	4
chr5	150513960	150514010	4
chr9	84219866	84219916	4
chr9	72004798	72004849	1
chr8	102648325	102648375	4
chr4	89066317	89066367	4
chr2	43265729	43265779	5
chr15	73668413	73668463	3
chr4	14881584	14881634	4
chr17	61671311	61671361	3
chr2	213992475	213992525	4
chrX	130809982	130810032	4
chr12	109715851	109715901	2
chr18	70986268	70986318	5
chr2	158682544	158682594	2
chr15	99029169	99029219	4
chr11	46920541	46920591	0
chr18	9639193	9639243	4
chrX	139994931	139994981	5
chr20	56812369	56812419	2
chr12	99047850	99047901	6
chr3	123347269	123347319	4
chr17	73804902	73804952	5
chr7	132515495	132515545	2
chr2	18061286	18061336	4
chr22	30084083	30084133	4
chr17	79031553	79031603	3
chr2	226861037	226861087	5
chr2	39821051	39821102	6
chr17	62224792	62224842	4
chr8	81279257	81279307	4
chr6	617662	617713	6
chr12	76338311	76338361	3
chr3	177800492	177800543	1
chrX	17513354	17513404	4
chr7	26728122	26728172	5
chr1	172154411	172154461	4
chr4	7863227	7863277	4
chr8	134632640	134632690	5
chr12	13280491	13280541	4
chr7	8054230	8054280	4
chr2	43454394	43454444	4
chr7	75698547	75698597	3
chr7	103032691	103032741	4
chr3	145890532	145890582	5
chr15	73092995	73093045	3
chr2	17003168	17003218	4
chrX	67708682	67708732	5
chr22	34371972	34372022	2
chr1	2718290	2718340	4
chr2	72431627	72431677	4
chr6	142622239	142622289	2
chr11	9110931	9110981	4
chr17	38771720	38771770	4
chrX	119883001	119883051	2
chr17	59800758	59800809	6
chr9	131258192	131258242	0
chr12	123069181	123069231	4
chr10	8799878	8799928	4
chr9	136242080	136242130	0
chr14	85940493	85940543	4
chr14	52899440	52899490	4
chr11	82783008	82783058	3
chr15	85473409	85473459	3
chr12	75374528	75374578	3
chr13	26552448	26552498	5
chr14	21159010	21159060	4
chr15	64455564	64455614	4
chrX	100858396	100858446	4
chr5	139944122	139944172	2
chr6	13456163	13456213	4
chr14	64010013	64010063	4
chr2	11653039	11653089	2
chr7	98520522	98520572	4
chr14	57046174	57046224	0
chr14	70133475	70133525	5
chr6	100564918	100564968	4
chr19	18633406	18633456	5
chr6	75994927	75994977	5
chr9	130659634	130659684	5
chr9	5203222	5203272	4
chr20	61164897	61164947	3
chr18	33077948	33077998	2
chr8	108199713	108199763	5
chr21	46221689	46221739	3
chr5	139641096	139641146	4
chr5	132580154	132580204	5
chr6	90085374	90085425	6
chr2	186667860	186667910	4
chr3	178865089	178865140	1
chr8	101730259	101730309	4
chr6	165325023	165325073	5
chr2	27825286	27825336	4
chr8	69611630	69611680	2
chr6	105720664	105720714	5
chr16	3086295	3086345	5
chr7	92835206	92835256	5
chr7	105470971	105471021	2
chr1	186632002	186632052	4
chr19	45927081	45927131	3
chr18	34879603	34879653	4
chr1	42347924	42347975	1
chr14	49945678	49945728	5
chr6	22288075	22288125	4
chr6	126375738	126375788	5
chr8	74226491	74226541	3
chr17	66288575	66288625	0
chr11	72889263	72889314	6
chr5	78831571	78831621	4
chr22	34261298	34261348	2
chr14	102675645	102675695	3
chr13	111152208	111152258	5
chrX	81213514	81213565	6
chr22	29214729	29214779	4
chr20	24998229	24998279	4
chr14	33296112	33296163	1
chr2	33500891	33500941	4
chr2	215285102	215285152	2
chr7	7996516	7996566	2
chr7	44455456	44455506	5
chr5	159743114	159743164	5
chr12	132345413	132345463	2
chr16	65792625	65792675	3
chr14	71570756	71570807	6
chr12	132319832	132319882	3
chr7	132920170	132920220	5
chr12	53024705	53024755	5
chr6	22249318	22249368	5
chr8	89564469	89564519	5
chr16	68670004	68670054	4
chr3	159500940	159500990	5
chr2	150771658	150771708	4
chr3	64228144	64228194	2
chr1	68316611	68316661	4
chr3	65675123	65675173	5
chr7	112102341	112102391	4
chr8	125985440	125985490	5
chr4	184424808	184424858	4
chr1	108068746	108068796	4
chr6	17600453	17600504	1
chr19	56732773	56732823	5
chr12	52637970	52638020	4
chr10	70286593	70286643	5
chr14	32667466	32667516	4
chr10	29607282	29607332	4
chr7	44529586	44529636	0
chr2	74056019	74056069	3
chr21	41686276	41686326	2
chr1	166810419	166810469	4
chr6	149382312	149382362	5
chr12	13214932	13214982	4
chr6	1325978	1326028	4
chr8	104148407	104148457	4
chr8	100812297	100812347	2
chr1	164559648	164559698	4
chr21	17221136	17221186	4
chr3	129427270	129427320	5
chr17	26662467	26662517	4
chr19	38828019	38828069	3
chr21	43729158	43729209	6
chr11	119275775	119275825	5
chr4	89688227	89688277	5
chr2	33637021	33637071	4
chr7	153529398	153529449	1
chr4	31195318	31195368	0
chr10	34130744	34130794	4
chr10	35146926	35146976	4
chr21	40279207	40279257	4
chr6	150451128	150451178	4
chr10	36998462	36998512	4
chr20	55016988	55017038	3
chr3	141345912	141345962	4
chr1	185286730	185286780	0
chr3	30559942	30559992	2
chr12	69393961	69394011	5
chr8	126021491	126021541	4
chr16	30773498	30773548	5
chr7	103798113	103798163	2
chr5	67095740	67095790	4
chr2	184113893	184113943	4
chr11	46848172	46848222	5
chr12	77558412	77558463	1
chr7	33762496	33762546	4
chr16	82538909	82538959	4
chr9	3699938	3699988	4
chr9	132373497	132373548	6
chr12	67479549	67479599	4
chr12	67988818	67988868	4
chr13	82843586	82843636	4
chr8	38617701	38617751	5
chr20	59878935	59878985	4
chr1	193155117	193155167	4
chr1	155618460	155618511	1
chr15	64915974	64916025	6
chr7	142551691	142551741	5
chr16	931252	931302	5
chr17	56052996	56053046	4
chr2	188411781	188411831	4
chr9	107554272	107554322	4
chr9	89178315	89178365	4
chr13	95923711	95923761	5
chr12	6560637	6560687	3
chr10	76951994	76952044	4
chr5	132610364	132610414	2
chr4	36245257	36245307	4
chr2	237953271	237953321	4
chr17	56595570	56595621	1
chr4	141678019	141678069	5
chr11	89982919	89982969	4
chr13	96366871	96366921	4
chr16	2795044	2795094	3
chr3	79700678	79700728	2
chr1	7551337	7551387	4
chr21	16235835	16235885	3
chr1	178506072	178506122	5
chr14	100659256	100659306	0
chr12	123373194	123373244	3
chr1	108661190	108661240	3
chr2	230931857	230931908	6
chr14	96811075	96811125	4
chr7	31593490	31593540	5
chr12	97791194	97791244	5
chr15	81097663	81097713	4
chr13	50940474	50940524	4
chrX	84747855	84747905	4
chr9	115267952	115268002	4
chr2	71127311	71127361	4
chr7	50623749	50623799	5
chr4	687191	687241	4
chr12	92997200	92997250	4
chr6	6662126	6662176	2
chr16	73912698	73912749	6
chr18	47827863	47827913	4
chr5	141977666	141977716	3
chr16	64512444	64512494	3
chr14	52031840	52031890	4
chr3	146400269	146400319	2
chr1	209981663	209981713	5
chr20	46083939	46083989	4
chr3	129204791	129204841	4
chr4	77491701	77491751	4
chr6	12331787	12331837	5
chr21	40454948	40454998	5
chr17	8572710	8572760	4
chr12	124773756	124773806	5
chr11	46384421	46384471	3
chr1	96630349	96630399	4
chr12	50262941	50262992	1
chr6	36302930	36302980	4
chr4	25146593	25146643	5
chr1	206912466	206912517	6
chr13	73677468	73677518	4
chr6	82547797	82547847	2
chrX	96401142	96401192	4
chr2	121049070	121049120	3
chr21	27488806	27488856	4
chr15	99882069	99882119	3
chr6	93004176	93004226	4
chr1	180575185	180575235	5
chr2	54817208	54817258	3
chr7	134129173	134129223	3
chr11	81961254	81961304	4
chr2	203503892	203503942	5
chr10	573617	573667	2
chr4	176458165	176458215	5
chr19	42800352	42800403	6
chr5	141887785	141887835	4
chr7	107842349	107842399	4
chr1	197520836	197520886	4
chr20	55362738	55362788	3
chr6	166303732	166303783	6
chr14	94121584	94121635	6
chr14	69126184	69126234	3
chr12	100948651	100948701	4
chr8	124706151	124706202	6
chr12	38710452	38710502	2
chr1	220595726	220595776	5
chr3	24493302	24493352	5
chr16	23373958	23374008	4
chr18	60382424	60382474	5
chr21	43809857	43809907	5
chr3	25484125	25484175	4
chr1	144941431	144941481	4
chr7	105305413	105305463	4
chr17	65180074	65180124	2
chr8	109260835	109260885	2
chr2	233102992	233103042	2
chr21	38012751	38012801	5
chr3	13319579	13319629	4
chr3	167505440	167505490	4
chr3	4040012	4040063	1
chr7	106875713	106875763	4
chr16	48269748	48269798	5
chr16	90110620	90110670	4
chr17	39934006	39934056	5
chr3	127716964	127717014	4
chr3	160746717	160746767	2
chr2	64069907	64069957	2
chr11	116611692	116611742	3
chr7	12623773	12623823	4
chr6	55268139	55268189	5
chr8	17396485	17396535	3
chr6	125906203	125906253	5
chr6	39265979	39266029	4
chr13	31665421	31665471	5
chr7	1308725	1308775	2
chr5	95130042	95130092	5
chr10	76782213	76782264	6
chr1	151467326	151467376	5
chr17	65437528	65437578	4
chr19	38795672	38795722	3
chr3	23136769	23136819	4
chr4	153528099	153528149	5
chr2	134081817	134081867	3
chr9	102784453	102784503	5
chr10	29311653	29311703	4
chr12	44359348	44359398	4
chr12	79941300	79941350	4
chr8	116215911	116215961	4
chr3	46977027	46977077	3
chr5	139927272	139927322	5
chr9	80263865	80263915	2
chr2	55334720	55334770	4
chr19	10676731	10676781	3
chr12	33560213	33560263	4
chr3	150285973	150286023	4
chr12	80710306	80710356	2
chr1	183232072	183232122	5
chr4	78739316	78739366	4
chr12	18634392	18634442	4
chr10	32576982	32577032	5
chr21	41712412	41712462	4
chr20	18700574	18700624	3
chr1	27480060	27480110	4
chr6	82519428	82519478	4
chr5	172882814	172882864	3
chr8	98594895	98594946	6
chr20	62274011	62274061	3
chr5	75680008	75680058	2
chr11	34754577	34754627	4
chr8	30580649	30580699	2
chr20	58509301	58509351	2
chr16	17410026	17410076	4
chr15	74753463	74753513	4
chr4	146772809	146772859	4
chr2	235935805	235935855	4
chr3	182163365	182163415	4
chr7	359027	359077	4
chr3	15367712	15367762	3
chr10	110151130	110151180	5
chr15	75682281	75682331	4
chr19	17438591	17438642	6
chr11	85539315	85539365	4
chr14	32553152	32553202	4
chr19	30808811	30808861	5
chr9	15485994	15486045	6
chr11	126252535	126252585	2
chr12	58240545	58240595	5
chr3	196594374	196594424	5
chr7	112122871	112122921	4
chr5	133415557	133415607	4
chr20	15246732	15246783	6
chr3	106120723	106120773	4
chr10	64566941	64566991	4
chr3	133172004	133172054	5
chr3	122496062	122496112	4
chr5	174102792	174102842	5
chr8	125192681	125192731	2
chr8	101688965	101689016	6
chr3	5028642	5028692	4
chr2	159047799	159047849	5
chr3	161740579	161740629	4
chrX	39871405	39871455	3
chr1	67896830	67896880	2
chr6	49431078	49431128	4
chr1	78441842	78441892	4
chr9	128035083	128035133	4
chr6	53851930	53851980	4
chr8	83687257	83687307	4
chr3	134488739	134488789	4
chr3	25767489	25767539	5
chr7	89874512	89874562	2
chr3	49195698	49195749	6
chr22	29781779	29781829	4
chr2	220441867	220441917	2
chr7	90054895	90054945	4
chr19	19517901	19517951	0
chr2	101812906	101812956	4
chr3	118959134	118959184	5
chr4	54568874	54568924	3
chr8	65575589	65575639	5
chr9	124595340	124595390	4
chr4	52918121	52918171	2
chr20	46413698	46413748	4
chr19	40059414	40059464	5
chr4	53886104	53886154	4
chr1	178208083	178208133	4
chr18	21324105	21324155	2
chr1	150954904	150954954	3
chr14	105240878	105240928	4
chr11	64851599	64851649	3
chr18	13253787	13253837	2
chr15	85969946	85969996	3
chr14	21945254	21945305	6
chr8	100115195	100115245	4
chr3	161144791	161144841	4
chr10	127203559	127203609	3
chr12	56520106	56520157	6
chr12	1434975	1435025	5
chr9	135547553	135547603	3
chr12	47338082	47338132	0
chr19	39205327	39205377	4
chr1	87161234	87161284	4
chr18	11689079	11689129	5
chrX	131119774	131119824	4
chr19	36422524	36422574	3
chr7	45788817	45788868	6
chr4	44159918	44159968	5
chr8	130463350	130463400	5
chr16	54961178	54961228	4
chr15	81702783	81702834	6
chr10	75385796	75385846	5
chrUn_gl000219	99824	99874	0
chr8	123877230	123877280	3
chr12	122501055	122501105	4
chr12	44199040	44199090	5
chr10	115284154	115284204	5
chr3	104882	104932	4
chr9	128212081	128212131	2
chr14	82000516	82000566	2
chr7	158060154	158060204	3
chr10	8736287	8736337	4
chr9	91002460	91002510	5
chr1	65883576	65883626	5
chr4	112913108	112913158	4
chr4	87582719	87582769	4
chr2	151085709	151085759	4
chr14	50241035	50241085	4
chr5	127213557	127213607	2
chr5	57755794	57755844	3
chr6	10613514	10613564	4
chr12	112464903	112464953	4
chrX	132188885	132188935	4
chr11	125298951	125299001	5
chr8	100721769	100721819	2
chr10	34926813	34926863	4
chr8	120676239	120676289	4
chr20	20840997	20841048	6
chr20	9100373	9100424	6
chr3	188023138	188023188	5
chr10	29824407	29824457	5
chr1	5748651	5748701	4
chr2	103104838	103104888	3
chr1	240042758	240042808	4
chr1	241161909	241161959	4
chr13	62601836	62601886	4
chr4	40625175	40625225	5
chr7	31168869	31168919	4
chr1	183250763	183250814	1
chr8	116554252	116554302	3
chr12	94070999	94071049	5
chr1	188610785	188610835	5
chr5	88260988	88261038	4
chr13	42803612	42803662	4
chr3	168867326	168867377	1
chr10	62185320	62185370	4
chr19	12274568	12274618	5
chr2	74640149	74640199	4
chr15	56210294	56210344	4
chr20	50419940	50419990	0
chr19	47428701	47428751	3
chr17	47392985	47393036	6
chr2	157440946	157440996	2
chr1	108464004	108464054	4
chr8	134731374	134731424	3
chr10	117424446	117424496	5
chr9	14616542	14616593	6
chr21	16494278	16494328	5
chr1	150459766	150459817	1
chr15	88421634	88421684	2
chr10	74452810	74452860	4
chr3	182697318	182697368	4
chr7	121944808	121944858	4
chr3	128880479	128880529	2
chrX	15586555	15586606	6
chr6	45982776	45982826	4
chr17	73379201	73379251	4
chr16	85557460	85557510	3
chr19	10946320	10946370	2
chr9	22104165	22104216	1
chr1	160577062	160577113	6
chr4	56915991	56916041	4
chr20	52687106	52687156	4
chr20	52230039	52230089	4
chr5	54455703	54455754	6
chr5	17145347	17145397	4
chr7	111493398	111493448	4
chr14	98715943	98715993	4
chr2	28422916	28422966	4
chr7	90040941	90040991	2
chr19	38549189	38549239	5
chr16	89557780	89557830	2
chr19	46144679	46144729	4
chr14	35370262	35370312	4
chr2	236478994	236479044	3
chrX	10918760	10918810	5
chr9	130098881	130098931	4
chr14	96127165	96127215	4
chr16	81170803	81170853	5
chr6	157313090	157313140	5
chr10	114840736	114840786	4
chr16	87901266	87901316	4
chr16	3661031	3661081	2
chr2	29140807	29140857	4
chr10	116286689	116286739	2
chr1	215777127	215777177	4
chr17	29700299	29700349	4
chr21	30754503	30754553	4
chr16	11886783	11886833	4
chr2	153572446	153572496	5
chr9	139620266	139620316	4
chr12	47233960	47234010	4
chrX	131433812	131433862	4
chr9	129838500	129838550	4
chr3	71160267	71160317	4
chr16	2526968	2527018	3
chr2	144891870	144891920	2
chr1	246772108	246772158	4
chr21	32901774	32901824	4
chr20	9274947	9274997	4
chr19	10612790	10612840	5
chr15	87099431	87099481	4
chr17	28038048	28038098	5
chr17	47937670	47937721	6
chr5	44263680	44263730	3
chr6	7560108	7560158	3
chr12	56013552	56013603	1
chr2	132357770	132357820	4
chr13	74316300	74316350	4
chr20	39707144	39707195	6
chr9	110893483	110893533	4
chr1	150670238	150670288	5
chr7	3615883	3615933	5
chr2	37311360	37311410	4
chr9	97685368	97685418	4
chr15	99401185	99401235	5
chr2	228088726	228088776	4
chr17	76992225	76992275	2
chr15	64386228	64386278	0
chr6	80165375	80165425	3
chr3	189042590	189042640	4
chr16	25189014	25189064	3
chr8	117355384	117355434	4
chr2	152266434	152266484	4
chr17	55665530	55665580	5
chr1	236687787	236687837	3
chr2	138721769	138721819	2
chr11	66764529	66764579	4
chr14	102529664	102529715	6
chrX	142209363	142209413	2
chr19	1254861	1254911	3
chr2	179058384	179058434	4
chr1	218879322	218879372	4
chr5	72174808	72174859	1
chr11	115558800	115558850	5
chr3	101670490	101670540	3
chr10	116582738	116582788	4
chr7	73246675	73246725	4
chr17	17844026	17844076	5
chr7	85183753	85183804	6
chr5	175281690	175281740	4
chr1	170084099	170084149	3
chr22	31030549	31030600	6
chr2	201728711	201728761	2
chr2	191364156	191364206	4
chr15	70261987	70262037	5
chr13	27412173	27412223	3
chr17	16004445	16004495	4
chr14	37583268	37583318	2
chr5	16542650	16542700	4
chr1	193028516	193028566	3
chr1	220510818	220510868	2
chr2	66480385	66480435	4
chr1	101754138	101754189	6
chr16	49995148	49995198	5
chr13	113366300	113366350	2
chr14	34100918	34100968	5
chr9	89054886	89054936	5
chr7	42131451	42131501	4
chr12	84559992	84560042	5
chr10	70748506	70748556	3
chr16	46796692	46796742	2
chr8	30290791	30290841	4
chr9	98931843	98931893	5
chr5	124833919	124833969	4
chr1	17625234	17625284	5
chr14	68925989	68926039	5
chr7	88753452	88753502	4
chr14	37482002	37482052	4
chr6	137061502	137061552	5
chr14	66096173	66096223	5
chr9	71908203	71908253	4
chr6	152589556	152589607	6
chr22	18122370	18122420	5
chr8	91900999	91901049	2
chr2	134255344	134255394	5
chr5	54507161	54507211	4
chr7	38310755	38310805	5
chr10	91402276	91402326	5
chr1	62707474	62707524	4
chr19	18852744	18852794	4
chr6	113755129	113755179	4
chr8	99687519	99687569	5
chr16	80057990	80058040	2
chr20	49190121	49190171	4
chr4	77129700	77129750	4
chr15	81567515	81567566	6
chr6	74346134	74346184	2
chr3	8456544	8456594	5
chr3	14863736	14863786	2
chr1	150336079	150336129	5
chr17	80189854	80189904	4
chr20	45985408	45985458	4
chr13	92831638	92831688	4
chr21	36626392	36626442	2
chr9	22129530	22129580	4
chr21	40443811	40443861	5
chr7	104400970	104401020	4
chr17	7186374	7186424	4
chr7	100711496	100711546	4
chr6	39625361	39625411	5
chr21	24228101	24228151	4
chr15	69582015	69582065	4
chr2	225233902	225233952	0
chr13	107128480	107128530	4
chr14	102276154	102276204	3
chr3	101522185	101522236	6
chr2	38818558	38818608	4
chr6	38404895	38404945	2
chr3	32599321	32599371	4
chr1	161391405	161391455	5
chr12	48921295	48921345	3
chr1	168735950	168736000	4
chr16	85499736	85499786	4
chr10	75173163	75173213	4
chr7	75707024	75707074	5
chr18	48149353	48149403	4
chr1	109841339	109841389	4
chr12	97813872	97813922	3
chr20	20529518	20529568	4
chr5	865677	865727	4
chr3	143862939	143862989	4
chr1	12603753	12603803	4
chr8	70404668	70404718	4
chr16	83987952	83988002	5
chr19	18117812	18117862	5
chr7	56225059	56225109	4
chr8	91593802	91593852	3
chrX	9757131	9757181	4
chr10	1020028	1020078	2
chr2	164028711	164028761	4
chr14	42130891	42130941	4
chr6	17116413	17116463	3
chr5	105648215	105648265	4
chr17	47585912	47585962	4
chr16	72959005	72959055	4
chr18	43382941	43382991	4
chr11	117173902	117173952	4
chr8	102952864	102952914	5
chr12	46518093	46518143	4
chr3	159590264	159590314	0
chr21	44999013	44999063	4
chr6	23517334	23517384	2
chr15	74449363	74449413	4
chr15	33299630	33299680	0
chr11	76799810	76799861	1
chr17	59434103	59434153	0
chr2	166731112	166731163	6
chr6	143381377	143381427	4
chr20	8186791	8186841	4
chr12	57119092	57119142	3
chr15	83559699	83559749	3
chr15	96919625	96919675	5
chr15	88694077	88694127	4
chr15	68318504	68318554	4
chr11	64546392	64546443	1
chr2	103220547	103220597	4
chr12	53445006	53445056	5
chr14	103460029	103460079	4
chr5	113998797	113998847	4
chr1	71927352	71927402	3
chr8	70381370	70381420	2
chr16	16195661	16195711	2
chr17	63529966	63530016	5
chr15	36799138	36799188	4
chr7	93925257	93925308	1
chr5	21201173	21201223	4
chr12	79452441	79452491	4
chr6	89545128	89545178	5
chr16	73010530	73010580	4
chr16	12667802	12667853	1
chr12	112081346	112081396	5
chr7	65372707	65372757	4
chr12	26185713	26185763	4
chr10	29554314	29554364	4
chr5	134977608	134977658	4
chr16	11292835	11292885	4
chr16	88685032	88685082	5
chr5	24634003	24634054	6
chr10	109374506	109374556	4
chr4	15446746	15446796	4
chr18	45660300	45660350	4
chr5	77961881	77961931	5
chr2	71871272	71871322	3
chr1	83568454	83568504	4
chr6	23017039	23017089	3
chr1	114723195	114723245	5
chr2	161609800	161609850	2
chr19	8523447	8523497	4
chr11	32125111	32125161	4
chr10	62896099	62896149	5
chr15	99847274	99847324	4
chr5	66390697	66390748	1
chr16	78693538	78693588	5
chr11	47270830	47270880	4
chr10	19083290	19083340	4
chr15	91974674	91974724	4
chr6	139908860	139908910	4
chr6	55053140	55053190	4
chr13	103250199	103250249	5
chr13	39255634	39255684	3
chr9	35426837	35426887	4
chr16	72978923	72978973	4
chr15	90471721	90471771	4
chr4	91746222	91746272	2
chr9	36575817	36575867	4
chr22	46847000	46847050	5
chr2	46319653	46319703	4
chr3	66532263	66532313	4
chr2	161285925	161285976	1
chr10	9154122	9154172	5
chr2	82715847	82715897	2
chr3	24681938	24681988	0
chr4	55575776	55575826	5
chr2	37113015	37113065	4
chr3	187754418	187754468	4
chr3	156294775	156294825	4
chr9	88040224	88040275	1
chr9	124370046	124370096	5
chr10	74877845	74877895	5
chr12	81105918	81105968	5
chr1	218671454	218671504	4
chr6	144643334	144643384	5
chr4	20594419	20594469	4
chr8	115103214	115103265	6
chr8	117000259	117000309	4
chr1	24867676	24867726	4
chr18	32559337	32559387	4
chr7	111370750	111370801	6
chr11	27223671	27223721	4
chr11	47545021	47545071	5
chr5	76606778	76606828	5
chr6	8064836	8064886	2
chr1	24742461	24742511	4
chr1	113007340	113007390	3
chr14	42168836	42168886	5
chr10	63710729	63710779	4
chr5	55787110	55787160	5
chr7	150810817	150810867	4
chr7	140281589	140281639	4
chr2	11671266	11671316	5
chr14	38058005	38058055	4
chr14	76522925	76522975	4
chr1	182931875	182931925	2
chr8	127636836	127636886	5
chr6	22924314	22924364	4
chr6	132144664	132144714	2
chr1	235011486	235011536	2
chr5	117488192	117488242	4
chr12	118710316	118710366	4
chr1	150944042	150944092	4
chr1	205908932	205908982	5
chr2	238602393	238602443	5
chr1	245925847	245925897	3
chr10	126833321	126833371	4
chr18	19624671	19624721	4
chr6	157991338	157991388	5
chr20	44420455	44420506	1
chr11	86282813	86282863	4
chr7	26893579	26893629	0
chr15	51791740	51791791	6
chr4	24475270	24475320	4
chr7	16975221	16975271	3
chrX	132190731	132190781	3
chr5	44056593	44056643	2
chr6	42532940	42532990	4
chr3	19030945	19030995	2
chr7	142146114	142146164	0
chr5	36242152	36242202	5
chr12	12870249	12870299	4
chr13	52028107	52028157	4
chr8	19315710	19315760	4
chr15	95023821	95023871	4
chr10	126723880	126723930	5
chr9	2022699	2022749	4
chr1	117360286	117360336	4
chr4	183846646	183846697	1
chr11	65148446	65148497	6
chr6	39835579	39835629	2
chr10	30530220	30530271	6
chr14	74226558	74226608	5
chr1	201528936	201528987	6
chr17	63290459	63290510	6
chrX	69353234	69353285	1
chr15	34058706	34058756	3
chr14	106642662	106642712	0
chr15	52432197	52432248	6
chr2	88487628	88487679	1
chr9	139923367	139923418	1
chr12	101808476	101808527	6
chr9	1434264	1434314	2
chr7	149322762	149322812	0
chr5	50258922	50258973	6
chr10	127387415	127387465	3
chr7	30948573	30948623	3
chr12	89923739	89923789	4
chr20	4205147	4205198	1
chr5	180616092	180616142	5
chr1	244386392	244386443	1
chr13	50655971	50656021	3
chr7	64720780	64720830	3
chr11	45676958	45677009	6
chr5	37838381	37838431	0
chr10	71560994	71561044	0
chr7	111403678	111403729	1
chr19	10613318	10613368	3
chr2	63771321	63771371	0
chr9	34562319	34562370	6
chr7	149675739	149675790	1
chr5	117964838	117964889	6
chr22	19953784	19953834	2
chr1	16142184	16142234	0
chr15	68608984	68609035	6
chr7	143084909	143084959	0
chr17	42018118	42018169	1
chr5	129235318	129235369	1
chr13	77576892	77576943	6
chr2	216601596	216601647	1
chr12	122065266	122065316	3
chr6	16762949	16763000	1
chr7	31768988	31769039	1
chr2	171153683	171153734	1
chr5	80488330	80488380	0
chr8	48649410	48649461	1
chr14	107012843	107012894	6
chr1	220011238	220011289	1
chr1	32181395	32181446	1
chr17	72683122	72683172	4
chr17	29044128	29044178	2
chr1	53370751	53370801	2
chr7	121187719	121187769	0
chr3	13202599	13202649	3
chr20	9818681	9818732	1
chr8	141400965	141401016	6
chr6	90889102	90889153	6
chr5	127211322	127211373	1
chr12	82752553	82752604	6
chr7	144867168	144867219	1
chr2	231003076	231003126	2
chrX	77963873	77963924	1
chr10	99223544	99223595	1
chrX	68713162	68713213	6
chr11	5574815	5574865	5
chrX	48370097	48370148	1
chr14	22508674	22508725	6
chr5	7436763	7436813	3
chr1	25176346	25176397	6
chr8	120221687	120221737	4
chr13	99083533	99083584	1
chr9	107625674	107625725	1
chr15	40567066	40567117	6
chr2	175874833	175874884	6
chr8	37016894	37016945	1
chr8	144373526	144373576	2
chr7	36025021	36025071	2
chr1	168679526	168679577	1
chr10	73950189	73950239	3
chrX	41619244	41619295	6
chr20	55797410	55797460	3
chr2	5765937	5765987	3
chr7	142135227	142135278	6
chr5	64372329	64372379	0
chr5	102855419	102855469	3
chr15	52970473	52970523	3
chr3	33729058	33729108	2
chr5	135065346	135065397	6
chr5	85600951	85601002	1
chr2	12003909	12003960	1
chr5	133625388	133625439	1
chr1	152416622	152416673	1
chr4	75242764	75242815	6
chr2	162803209	162803260	6
chr2	149955991	149956042	6
chr20	39790587	39790637	2
chr3	27788478	27788528	3
chr15	95213834	95213885	6
chr20	40523821	40523871	5
chr12	57505505	57505555	0
chr4	7878008	7878059	1
chr16	89477336	89477386	4
chr11	2058266	2058317	6
chr5	139485738	139485788	3
chr1	185664612	185664663	6
chr15	27410909	27410959	4
chr2	171729879	171729930	1
chr1	7048088	7048138	5
chr5	177551632	177551682	2
chr15	101555552	101555603	6
chr15	47488343	47488394	1
chr15	39283503	39283554	6
chr1	163285740	163285790	0
chr3	1145383	1145434	1
chr2	21540179	21540229	0
chr15	44067779	44067829	0
chr17	75817312	75817363	1
chrX	107213523	107213573	3
chr10	44834908	44834958	0
chrX	47428467	47428518	1
chr12	29151934	29151985	6
chr2	102841972	102842022	0
chr9	139522001	139522052	1
chr10	25315597	25315648	6
chr9	100459353	100459403	3
chr10	135071354	135071404	3
chr14	93799590	93799641	1
chr5	174508780	174508831	1
chr8	144614423	144614474	6
chr18	73403510	73403560	5
chr7	68868307	68868358	1
chr17	80855549	80855599	0
chr16	68772261	68772312	1
chr10	14438750	14438800	3
chr14	24777459	24777510	6
chr4	73192592	73192642	0
chr12	100798726	100798776	0
chr2	100938907	100938957	0
chr11	122925155	122925206	6
chr17	55749416	55749467	6
chr4	155467026	155467077	1
chr19	39888440	39888491	6
chr15	74415443	74415493	3
chr8	142148094	142148145	1
chr7	115316334	115316384	2
chr11	64085490	64085540	5
chr7	93919828	93919878	2
chr11	75087416	75087467	6
chr8	119427357	119427408	1
chr8	110651984	110652035	6
chr17	39643198	39643249	1
chr17	53900109	53900159	2
chr1	75237777	75237828	1
chr5	158868551	158868601	3
chr14	106465994	106466045	1
chr2	242640849	242640899	0
chr9	124132919	124132969	3
chr3	39765779	39765830	1
chr21	38592930	38592980	5
chr16	21313128	21313179	1
chr11	36768753	36768804	6
chr22	41214977	41215027	0
chr6	27759998	27760049	1
chr9	94496818	94496869	6
chr6	20789555	20789605	0
chr10	48384899	48384949	0
chr9	21183242	21183293	6
chr1	19210790	19210840	0
chr16	3062162	3062212	3
chr1	215700063	215700114	6
chr2	114557087	114557137	2
chr18	56197139	56197190	6
chr4	1750540	1750590	0
chr21	34733272	34733323	1
chrX	3730239	3730289	4
chr5	60643167	60643218	1
chr18	9722809	9722860	6
chr17	72858512	72858563	6
chr1	144865220	144865270	0
chr5	810485	810535	5
chr22	35746880	35746931	1
chr10	68685731	68685781	0
chr4	84692432	84692483	6
chr17	73625645	73625695	3
chr3	173450991	173451042	6
chr4	47465639	47465689	0
chr2	231968958	231969008	3
chr1	86981479	86981530	1
chr14	41854346	41854396	3
chr2	228797279	228797329	0
chr3	189685222	189685273	6
chr20	8000100	8000151	6
chr11	35843823	35843874	1
chr2	10898050	10898100	5
chr16	67697724	67697774	3
chr14	77767551	77767602	6
chr7	132532901	132532951	3
chr7	30452815	30452866	6
chr12	111638991	111639041	0
chr10	100508216	100508267	6
chr7	106532149	106532200	6
chr11	118478599	118478649	2
chr2	26683265	26683316	1
chr3	185811516	185811566	3
chr7	132003659	132003710	6
chr1	204776228	204776279	6
chr9	132500298	132500348	3
chr17	52977904	52977954	3
chr15	23887718	23887769	6
chr11	62380070	62380120	0
chr2	230933063	230933113	3
chrX	142837809	142837860	1
chr9	140779902	140779952	2
chr3	184788456	184788507	1
chr1	104003978	104004029	1
chr10	101945252	101945302	4
chr3	142650212	142650262	3
chr3	10416139	10416190	1
chr17	42245959	42246010	1
chr12	6861514	6861564	3
chr20	61053358	61053408	0
chr6	132714100	132714151	1
chr3	139654155	139654206	1
chr20	19192641	19192692	6
chr10	50747163	50747213	5
chr2	18559472	18559523	6
chr1	160189535	160189586	1
chr2	198243295	198243345	0
chr7	2387785	2387836	6
chr6	168200151	168200201	0
chr1	163041742	163041793	6
chr5	94186136	94186187	6
chr4	72055355	72055405	4
chr1	231908934	231908984	2
chr8	99559281	99559331	4
chr16	68663607	68663658	1
chr6	151727344	151727395	6
chr2	159036334	159036385	6
chr11	15298329	15298380	1
chr15	89954862	89954913	6
chr7	139025913	139025963	2
chr10	12824612	12824663	6
chr1	215197368	215197418	4
chr5	140819079	140819129	3
chr7	42111784	42111834	5
chr12	27805262	27805313	6
chr3	120050164	120050215	1
chr8	105265805	105265856	6
chr14	93752437	93752488	6
chr1	40167686	40167737	6
chr15	42196792	42196842	3
chr11	36063724	36063775	6
chr7	107384027	107384078	6
chr3	38692868	38692919	1
chr7	124303154	124303205	6
chr14	37117303	37117354	6
chr9	135287685	135287736	1
chr9	129393662	129393712	3
chr9	128246372	128246422	0
chr14	106765390	106765441	6
chr17	46338812	46338863	6
chr10	125341804	125341855	1
chr5	134887691	134887741	0
chrX	141177123	141177173	2
chr9	35727064	35727115	1
chr18	13139927	13139978	1
chr7	135389024	135389075	1
chr5	137688175	137688225	0
chr11	17526280	17526331	6
chr1	38966107	38966157	3
chr17	17946965	17947016	6
chr16	90281969	90282019	2
chr7	9304209	9304259	2
chr3	115503492	115503543	6
chr8	122333687	122333738	1
chr2	192096811	192096862	1
chr22	22001156	22001207	6
chrX	102431465	102431516	6
chr6	119655057	119655107	5
chr1	206718278	206718329	6
chr19	12903341	12903391	3
chr3	107150880	107150930	5
chr7	157069015	157069065	0
chr10	54489441	54489492	1
chr10	114067780	114067830	0
chr2	75092594	75092644	3
chr2	203693581	203693632	1
chr7	131924349	131924399	3
chr2	80087866	80087917	6
chr13	93769233	93769284	1
chr17	13044211	13044261	2
chr13	73796914	73796964	0
chr6	67822044	67822094	4
chr18	24229839	24229890	6
chr15	38766504	38766555	1
chr2	72377635	72377686	1
chr16	69971481	69971532	1
chr9	19457581	19457632	6
chr1	919680	919731	6
chr9	10479299	10479349	2
chr17	62772795	62772845	2
chr21	22536392	22536443	6
chr5	138728407	138728458	1
chr4	4996997	4997048	6
chr10	55213179	55213229	3
chr16	33798426	33798476	3
chr2	233198249	233198300	6
chr6	2988500	2988550	5
chr1	179851828	179851879	1
chr6	37333692	37333743	6
chr5	101313617	101313668	1
chr21	47841113	47841164	1
chr7	137983161	137983211	2
chr2	196525177	196525227	0
chr12	54793235	54793286	6
chr11	123382110	123382160	0
chr6	124287227	124287278	1
chr1	156882713	156882764	1
chr1	76457364	76457415	6
chr21	27235001	27235052	1
chr20	56785016	56785067	6
chr5	134793325	134793375	0
chr21	17454921	17454972	6
chr2	32944053	32944103	3
chr17	55485845	55485895	4
chr3	159536205	159536255	2
chr22	30168423	30168473	0
chr18	61912034	61912084	4
chr8	22431995	22432046	6
chr12	51441663	51441714	6
chr14	70659772	70659822	5
chr21	27268218	27268269	1
chr1	91492466	91492517	1
chr12	49208581	49208632	6
chr6	35704221	35704272	6
chr13	22830543	22830594	1
chr4	113249183	113249234	1
chr1	114825512	114825562	2
chr8	71520482	71520532	0
chr5	87077110	87077161	6
chr10	27735147	27735197	0
chr8	37761572	37761622	4
chr17	77105886	77105936	2
chr4	132998045	132998095	2
chr3	103513725	103513776	6
chr10	60941600	60941651	1
chr4	9497281	9497332	6
chr17	74295103	74295154	1
chr19	11236931	11236982	1
chr14	68171351	68171402	6
chr16	9573034	9573085	1
chr11	124958979	124959029	3
chr3	87553215	87553266	1
chr9	103881668	103881719	6
chr11	58974263	58974314	1
chr8	133206249	133206300	1
chrX	99201863	99201913	5
chr19	51396530	51396581	1
chr20	61491829	61491879	0
chr18	48346430	48346480	0
chr4	119955891	119955942	1
chr16	2202911	2202961	3
chr1	216285362	216285412	0
chr5	175843616	175843667	6
chr19	34489817	34489868	1
chr8	49084849	49084900	6
chr6	108581764	108581814	3
chr11	121523820	121523871	1
chr3	196983884	196983934	0
chr1	204593273	204593324	1
chr2	200838675	200838725	3
chr3	58810103	58810153	0
chr4	55536125	55536176	6
chr1	118697022	118697072	0
chr9	4225930	4225980	0
chr2	204973142	204973193	6
chr7	142636820	142636871	1
chr20	29591692	29591743	6
chr15	32951496	32951546	2
chr10	24672686	24672736	2
chr3	193963994	193964044	3
chr2	121433268	121433319	6
chr11	9406716	9406767	1
chr5	131755488	131755539	6
chr4	153020877	153020927	3
chr5	167009432	167009483	6
chr8	145909844	145909895	6
chr17	49021643	49021693	3
chr2	178623722	178623773	1
chr11	84511962	84512013	6
chr9	2336246	2336297	1
chr1	226071858	226071908	2
chr7	104654089	104654140	1
chr15	22970278	22970328	2
chr8	99142423	99142474	1
chr1	246425107	246425157	0
chr14	64932699	64932749	3
chr1	205779787	205779838	1
chr2	84799785	84799835	2
chr17	48217393	48217444	6
chr7	18630541	18630592	1
chr9	44227425	44227476	1
chr7	33945193	33945244	1
chr5	102310045	102310096	6
chr1	210316987	210317037	0
chr9	13689165	13689216	6
chr12	54223140	54223190	3
chr2	213413353	213413403	2
chr2	143792114	143792165	6
chr16	75466937	75466987	0
chr2	112425256	112425306	3
chr2	85764953	85765003	3
chr15	79511113	79511164	1
chr17	45889744	45889794	0
chr14	95899576	95899627	1
chr17	7124361	7124411	0
chr14	75372536	75372587	6
chr17	76133559	76133610	6
chr16	85665808	85665858	0
chr5	141521147	141521197	2
chr6	20127124	20127175	6
chr11	76518608	76518659	6
chr15	51178264	51178314	2
chr1	238102018	238102069	6
chr4	87817060	87817111	6
chr16	66751084	66751135	6
chr9	127082749	127082800	6
chr10	93058160	93058211	6
chr8	66948888	66948939	6
chr2	235459333	235459384	6
chr9	36866986	36867037	6
chr1	66708529	66708580	6
chr3	63893779	63893829	3
chr8	27104917	27104967	3
chr19	11493582	11493633	1
chr5	78487456	78487507	1
chr8	25946319	25946370	1
chr16	50244603	50244654	6
chr4	8690014	8690064	3
chr2	47995193	47995244	6
chr20	22314962	22315013	6
chr6	36514835	36514885	0
chr1	39494324	39494375	1
chr21	16925597	16925648	1
chr2	48541468	48541518	3
chr17	34091199	34091249	0
chr9	104554453	104554503	3
chr5	142382780	142382831	1
chr4	184642730	184642780	2
chrX	7066378	7066428	2
chr14	93673400	93673451	1
chr7	83862197	83862248	1
chr3	5347230	5347281	1
chr17	78313169	78313220	1
chr14	24058348	24058399	6
chr12	122393827	122393877	3
chr7	77428601	77428651	3
chr6	51424022	51424073	6
chr6	73122078	73122129	6
chr14	99167172	99167223	1
chr2	219844667	219844718	1
chr1	201118691	201118742	6
chr8	94468441	94468492	6
chr7	28962410	28962460	0
chr3	52941678	52941729	1
chr16	66995077	66995127	0
chr8	80677614	80677665	6
chr12	13365176	13365227	6
chr5	53444039	53444089	5
chr16	56677550	56677601	1
chr11	8285508	8285559	6
chr5	140718185	140718235	4
chr3	62517338	62517389	6
chr10	79789383	79789434	1
chr22	22901686	22901737	6
chrX	118315609	118315660	1
chr10	134275375	134275425	3
chr16	78088108	78088158	3
chr7	18316225	18316276	6
chr4	131729829	131729880	6
chr11	3131509	3131560	6
chr17	75592536	75592586	3
chr14	25876119	25876170	1
chr9	137631134	137631185	1
chr15	23908522	23908572	3
chr4	169786313	169786363	2
chr2	152050254	152050304	0
chr4	5806510	5806560	0
chr4	107958507	107958557	3
chr1	45012613	45012663	4
chr5	38259071	38259121	2
chr4	184761548	184761599	6
chr15	70021662	70021713	6
chr4	163880409	163880459	0
chrUn_gl000212	127841	127891	3
chr17	17384588	17384638	5
chr4	94120904	94120955	1
chr22	41633699	41633750	1
chr17	70525662	70525713	6
chr4	69042422	69042472	5
chr2	48338451	48338502	6
chr3	119337884	119337934	3
chr10	31909375	31909425	5
chrX	77165986	77166037	1
chr17	45078652	45078703	6
chr2	206545006	206545057	1
chr8	140108725	140108776	1
chr3	53264125	53264176	1
chr4	86396008	86396058	2
chr1	89449696	89449747	6
chr8	144025114	144025165	1
chr10	72639943	72639994	6
chr18	67513001	67513052	1
chr7	50747122	50747173	1
chr4	78124923	78124974	1
chr13	40720383	40720434	6
chr9	115555669	115555720	6
chr10	25928746	25928797	6
chr9	73034713	73034763	2
chr2	65492362	65492413	6
chr5	172124668	172124719	6
chr12	52644306	52644357	1
chr2	227994679	227994730	6
chr7	78950571	78950621	2
chr3	674433	674484	6
chr1	11898878	11898929	6
chr19	5052660	5052710	0
chr3	89577058	89577109	1
chr3	70113501	70113552	6
chr13	32802566	32802617	1
chr15	75133564	75133614	3
chr1	183885270	183885321	6
chr4	184021106	184021157	1
chr11	64614735	64614786	6
chr18	74771653	74771704	1
chr10	45804376	45804427	1
chr2	20426280	20426330	2
chr1	1610489	1610539	0
chr1	229367579	229367629	2
chr2	50371589	50371639	0
chr6	49817443	49817494	6
chr17	70553228	70553279	6
chr7	51496100	51496150	3
chr7	149580653	149580704	6
chr16	81400110	81400161	6
chr3	148991041	148991092	6
chr17	10301812	10301862	5
chr6	38461884	38461934	0
chr3	110678369	110678420	1
chr1	22854546	22854597	6
chr4	17474124	17474174	0
chr17	11826090	11826141	1
chr2	155749006	155749056	4
chr3	150295811	150295862	1
chr7	1481266	1481317	1
chr7	96694456	96694507	6
chr17	69114372	69114423	6
chr17	64558507	64558557	5
chr16	24420545	24420595	3
chr11	72894005	72894055	5
chr6	125635426	125635476	0
chr10	113104755	113104806	1
chr6	42198164	42198215	1
chr2	12044319	12044369	5
chr6	88947976	88948027	1
chr16	1480942	1480992	5
chr9	137335320	137335371	6
chr19	36468521	36468572	1
chr11	64333020	64333070	3
chr3	68981949	68981999	2
chr3	136751430	136751481	6
chr1	38506328	38506379	6
chr7	1126692	1126743	6
chr10	74594155	74594206	6
chr1	220185791	220185842	1
chr12	109242203	109242253	3
chr3	128222099	128222150	6
chr8	38625967	38626018	6
chr20	412274	412325	6
chr3	178161563	178161614	6
chr4	42997520	42997571	1
chr20	44258309	44258360	1
chr16	48387630	48387681	1
chr1	7858518	7858569	1
chr5	137368113	137368163	3
chr4	149061863	149061914	1
chr13	103556173	103556224	1
chr12	56499225	56499275	2
chr8	10682997	10683048	1
chr1	1656115	1656166	1
chr6	14317528	14317578	0
chr10	78744735	78744786	6
chr11	46139568	46139619	6
chr3	109450906	109450957	6
chr8	105342255	105342305	0
chr1	9188872	9188923	1
chr11	67054213	67054264	1
chr4	6919508	6919558	4
chr14	56889481	56889532	6
chr14	22314616	22314667	1
chr2	40715318	40715369	1
chr3	64007697	64007747	5
chr5	59020499	59020550	1
chr8	103047743	103047793	3
chr2	112048148	112048198	0
chr1	232002580	232002630	0
chr15	97293762	97293813	1
chr20	61855943	61855993	3
chr10	49857800	49857850	3
chr11	115860820	115860870	4
chr1	51554309	51554360	1
chr5	92377736	92377786	4
chr9	140509136	140509186	3
chr16	70804683	70804733	4
chr9	111598678	111598729	1
chr17	31616141	31616192	1
chr15	77925988	77926039	6
chr10	121484998	121485048	2
chr4	104724112	104724163	6
chr19	39360621	39360672	6
chr12	44351711	44351762	6
chr5	17132732	17132782	4
chr17	41364120	41364170	3
chr3	53876909	53876960	1
chr8	99939203	99939253	2
chr8	21313643	21313694	1
chr7	105173002	105173052	0
chr19	6863741	6863792	6
chr14	74617806	74617857	6
chr9	35161994	35162044	3
chr2	97593596	97593646	5
chr2	46592183	46592234	6
chr4	87417420	87417471	1
chr10	81160385	81160436	1
chr17	4167998	4168048	0
chrX	99940841	99940892	6
chr1	89121543	89121594	1
chr16	157184	157235	6
chr2	163190658	163190709	1
chr18	864947	864998	6
chr6	68948996	68949046	3
chr3	150213527	150213578	1
chr7	51669317	51669367	0
chr15	60028532	60028582	0
chr9	107370789	107370840	1
chr2	63944206	63944256	3
chr17	59489942	59489992	0
chr8	99341233	99341284	6
chr1	15242010	15242061	1
chr9	92213190	92213241	6
chr1	228643566	228643617	6
chr20	7961401	7961452	6
chr9	90499117	90499167	0
chr2	86114927	86114977	3
chr9	136219032	136219083	1
chr9	140470520	140470571	1
chr11	47198995	47199046	6
chr2	20448167	20448217	4
chr8	140225723	140225774	6
chr14	96730432	96730482	3
chr16	11391739	11391789	5
chr16	89767975	89768026	1
chr1	156572668	156572718	5
chr9	137255388	137255438	0
chr7	150942693	150942744	1
chr8	128176102	128176152	0
chrUn_gl000212	101433	101483	2
chr5	74627520	74627570	2
chr7	115890177	115890228	1
chr7	26130762	26130812	0
chr17	50184172	50184223	6
chr12	54997135	54997186	6
chr19	45659912	45659963	6
chr10	4985219	4985269	0
chr20	50859335	50859386	6
chr6	16129111	16129161	0
chr10	4692952	4693002	4
chr15	70780528	70780579	6
chr11	44887648	44887699	6
chr4	10166620	10166671	6
chr1	67461898	67461949	6
chr8	33497853	33497904	1
chr5	140012986	140013036	4
chr1	241774467	241774518	1
chr16	34760683	34760733	5
chr12	93221703	93221753	3
chr22	37562716	37562767	6
chr7	132474215	132474266	1
chr1	45121377	45121428	1
chr19	46677284	46677335	1
chr15	75248637	75248688	6
chr12	116309586	116309636	3
chr3	169345731	169345781	4
chr10	17269425	17269476	6
chr15	88787287	88787338	6
chr22	22028017	22028068	6
chr4	147436357	147436408	1
chr1	151043240	151043291	1
chr12	101221838	101221889	6
chr9	140083407	140083457	3
chr4	55185236	55185287	1
chr8	13050636	13050687	1
chr2	134602017	134602068	6
chr12	48424103	48424154	6
chr9	115708049	115708099	0
chr4	47034761	47034811	3
chr11	76784445	76784495	3
chr12	52317346	52317397	6
chr2	72364751	72364802	6
chr15	91811976	91812027	1
chr4	185089726	185089776	3
chr1	36653469	36653520	1
chr3	14586472	14586523	1
chr7	149722348	149722399	6
chr3	79067998	79068048	3
chr15	102080922	102080973	6
chr9	86238499	86238549	3
chr2	216814853	216814904	1
chrX	93363141	93363192	6
chr8	101586372	101586423	1
chr11	117052150	117052201	6
chr9	93726696	93726747	1
chr15	100651540	100651590	3
chr11	101719167	101719218	6
chr14	30474496	30474547	6
chr1	212004149	212004200	6
chr17	59833931	59833981	2
chr14	106933882	106933932	5
chr11	2952089	2952140	6
chr9	71395191	71395241	0
chr2	136556523	136556574	1
chr12	62653979	62654030	6
chr5	172411434	172411485	1
chr1	184348648	184348699	6
chr8	101554501	101554552	1
chrX	129242837	129242887	3
chr16	70185456	70185507	6
chr1	49283455	49283505	3
chr7	24934640	24934691	1
chr11	71518857	71518908	1
chr6	130703074	130703124	0
chr21	47879098	47879148	0
chr2	178012019	178012070	6
chr17	75204652	75204702	3
chr1	222638842	222638892	0
chr9	135848125	135848176	6
chr14	32721454	32721505	6
chr1	110319613	110319664	1
chr17	7459079	7459129	5
chr13	46626817	46626868	1
chr1	118217875	118217925	2
chr5	30401761	30401812	6
chr18	51654319	51654370	6
chr14	23322799	23322850	6
chr1	6101668	6101719	1
chr9	136063777	136063828	6
chr16	11058030	11058081	6
chr2	25790449	25790500	6
chr1	222628626	222628677	6
chr9	136223909	136223959	2
chr14	90701847	90701898	6
chr8	142637023	142637074	6
chr14	37074829	37074880	1
chr3	54549642	54549692	0
chr2	214111572	214111623	1
chr8	127881781	127881832	6
chr7	155364575	155364625	3
chr9	140301596	140301647	1
chr17	48238992	48239043	6
chr10	83680149	83680200	1
chr10	115837842	115837892	3
chr2	8248280	8248330	0
chr15	21268107	21268158	1
chr14	23590251	23590301	3
chr9	1211524	1211574	2
chrX	16762287	16762338	6
chr7	38491598	38491649	6
chr9	140131046	140131096	0
chr17	42161739	42161790	6
chr3	15900459	15900509	5
chr2	72161175	72161226	6
chr14	50527796	50527846	3
chr9	69162151	69162201	3
chr1	222912183	222912234	6
chr5	318917	318967	3
chr15	41988377	41988428	6
chr5	72512428	72512478	3
chr21	43166238	43166288	0
chr17	26821881	26821932	6
chr14	40173946	40173996	0
chr9	21789585	21789636	6
chr7	65878796	65878846	0
chr4	83476591	83476641	2
chr6	130073151	130073202	6
chr17	10261238	10261289	1
chr1	156163829	156163880	1
chr22	19418553	19418604	1
chr15	45722632	45722683	1
chr16	55978358	55978409	6
chr21	44922477	44922527	4
chr7	84544113	84544163	5
chr6	87646932	87646983	6
chr14	105399888	105399939	6
chr11	62537344	62537394	0
chr6	123003032	123003083	6
chr13	111868736	111868787	6
chr18	44576922	44576973	1
chr6	26253666	26253717	1
chr21	44274959	44275009	5
chr2	72533096	72533146	0
chr12	130663809	130663859	2
chr8	92355935	92355986	6
chr14	22675279	22675329	2
chr6	24283333	24283384	6
chr12	97160170	97160221	1
chr17	73717576	73717627	1
chr7	35559910	35559960	3
chr1	113616205	113616255	0
chr7	89400496	89400547	1
chr12	48264425	48264476	1
chr17	76967520	76967571	6
chr2	177517218	177517269	6
chr12	49736356	49736407	6
chr13	51644339	51644389	0
chr19	8590265	8590315	5
chr9	94422321	94422371	3
chr11	1536881	1536931	0
chr2	180942298	180942348	2
chr14	100773649	100773699	3
chr10	130459160	130459210	3
chr14	66826311	66826362	6
chr8	79305827	79305878	6
chr7	31174238	31174289	6
chr17	530621	530671	3
chr11	22174457	22174508	1
chr20	3869938	3869988	3
chr14	22179755	22179806	6
chr12	26427626	26427676	3
chrX	125132565	125132616	6
chr8	134508803	134508854	1
chr15	40602382	40602432	0
chr3	94312552	94312602	3
chr8	140663496	140663546	0
chr2	110493975	110494026	6
chr7	2103648	2103698	2
chr4	6649782	6649832	3
chr12	53738817	53738868	1
chr1	165227328	165227379	6
chr2	950231	950282	6
chrX	149533772	149533822	3
chr5	67542805	67542856	6
chr15	94774554	94774604	3
chr15	33494230	33494280	2
chr22	19667270	19667321	6
chr10	15251994	15252045	6
chr6	145535797	145535848	1
chr5	16741198	16741249	1
chr13	101404335	101404385	3
chr1	17011417	17011468	1
chr22	40907639	40907689	2
chr14	54947699	54947749	4
chr5	171339308	171339359	6
chr20	43571083	43571133	3
chr18	55626640	55626691	6
chr2	168149014	168149064	0
chr5	102918219	102918269	4
chr11	94630600	94630651	6
chr2	55646961	55647011	3
chrX	47886173	47886224	1
chrX	137008430	137008481	6
chr4	102977094	102977144	3
chr17	63452221	63452271	0
chr12	25726261	25726312	1
chr5	2810885	2810935	5
chr2	27844477	27844527	3
chr1	110331659	110331709	2
chr18	2121335	2121385	5
chr6	53593546	53593597	6
chr5	92174135	92174186	6
chr17	72984356	72984406	0
chr5	76814324	76814375	1
chr15	68675935	68675986	6
chr1	152365418	152365469	6
chr3	87309504	87309555	6
chr15	57372760	57372810	0
chr3	43732030	43732080	2
chr18	29137643	29137693	2
chr14	33901784	33901835	6
chr3	15546671	15546721	0
chr8	64304007	64304058	1
chr14	79314749	79314800	6
chr12	76953408	76953458	3
chr7	39620171	39620222	6
chr13	36662401	36662451	3
chr2	46526009	46526059	3
chr4	166033750	166033800	0
chr5	161675333	161675384	1
chr12	98520636	98520687	1
chr11	115375256	115375307	1
chr12	38536954	38537005	1
chr9	132391135	132391185	2
chr3	155577839	155577890	1
chr20	52816342	52816393	6
chr2	178589562	178589613	6
chr7	12725281	12725332	6
chr5	136227037	136227088	6
chr15	37974586	37974636	5
chr2	171785639	171785689	0
chr14	81053537	81053588	6
chr7	93906299	93906350	6
chr14	36538852	36538903	6
chr3	53879704	53879755	1
chr4	75177591	75177642	6
chr3	75343531	75343581	2
chr22	26419636	26419686	2
chr14	52510560	52510611	1
chr4	78539963	78540014	1
chr3	112250341	112250392	6
chr1	225960162	225960213	6
chr15	49103922	49103972	0
chr1	39724479	39724529	0
chr6	1644535	1644586	1
chr11	79151098	79151149	1
chr5	176213040	176213090	2
chr5	138677434	138677485	6
chr7	130676033	130676084	1
chr1	207108994	207109045	6
chr12	65091967	65092018	6
chr7	35664460	35664510	2
chr1	114521541	114521592	6
chr10	52697460	52697511	1
chr3	108381161	108381212	6
chr12	50368112	50368162	3
chr4	153656646	153656697	6
chr6	42515477	42515528	6
chr2	31360977	31361028	1
chr5	32329629	32329680	1
chr5	61927964	61928015	6
chr8	65608317	65608368	1
chr2	86252470	86252520	2
chr13	20501428	20501479	6
chr3	89098427	89098478	1
chr10	9117547	9117598	1
chr12	94942057	94942108	1
chr18	9859436	9859487	1
chr15	51981253	51981303	3
chr15	62765220	62765270	3
chr12	46466069	46466120	1
chr21	35748026	35748077	1
chr7	133701595	133701646	6
chr2	208339783	208339834	6
chr5	153900645	153900696	1
chr14	22669165	22669216	1
chr7	38579716	38579767	1
chr17	74393461	74393512	1
chr5	113785748	113785799	6
chr10	71674564	71674615	1
chr5	146889428	146889478	3
chr6	88639679	88639730	6
chr18	43460080	43460131	6
chrX	10087620	10087671	6
chr7	21762070	21762120	5
chrX	133160895	133160945	0
chr8	142938085	142938135	0
chr2	66487529	66487580	1
chr7	100926422	100926473	6
chr6	146864574	146864625	1
chr7	13072302	13072353	6
chr16	75285345	75285396	1
chr6	131520973	131521024	6
chr2	25500245	25500296	1
chrX	143671935	143671986	6
chr11	106177853	106177904	1
chr19	45665449	45665500	6
chr12	129015823	129015873	3
chr7	149757750	149757801	6
chr1	43222804	43222855	6
chr1	182374070	182374121	1
chr15	68522474	68522524	3
chr4	26721746	26721797	1
chr11	67043554	67043605	1
chr5	57756721	57756772	1
chr10	43844064	43844115	6
chr10	107935705	107935756	6
chr20	48687871	48687921	3
chr15	49931104	49931154	0
chr16	48151529	48151580	6
chr2	172580928	172580978	3
chr16	572112	572162	2
chr8	143210338	143210389	6
chr4	75973570	75973620	5
chr1	70902431	70902482	6
chr16	4526317	4526367	3
chr15	76044881	76044932	1
chr1	178743570	178743621	1
chr12	128258187	128258238	1
chr4	99977353	99977404	6
chr2	160041993	160042044	6
