chr20	21284487	21284537	8
chr9	84300909	84300959	0
chr11	12520761	12520812	6
chr9	97681871	97681921	0
chr16	89638628	89638678	1
chr12	49785906	49785956	0
chr20	34195462	34195512	3
chr7	26693485	26693535	4
chr5	90354604	90354654	0
chr7	138144482	138144532	4
chr5	140372655	140372705	0
chr12	54560474	54560524	0
chr5	55575883	55575933	4
chr15	66944773	66944823	0
chr7	73879389	73879439	0
chr7	20784582	20784632	8
chr12	71105720	71105770	4
chr17	29836012	29836062	0
chr20	50331809	50331859	0
chr15	71185621	71185671	4
chr3	16939225	16939275	0
chr18	75414696	75414746	0
chr2	12190741	12190792	6
chr10	121855681	121855731	4
chr5	150226832	150226883	2
chr6	55692699	55692750	5
chr7	108493837	108493887	0
chr7	19891289	19891339	0
chr7	75719145	75719195	0
chr3	12894872	12894922	0
chr19	13733642	13733692	0
chr21	16920062	16920112	0
chr17	43978587	43978637	3
chr8	132378241	132378291	4
chr14	73393032	73393082	0
chr20	14859834	14859884	0
chr5	14664210	14664260	4
chr5	127457613	127457664	6
chr6	108533012	108533062	0
chr17	59276979	59277030	6
chr20	44501429	44501480	6
chr6	42420511	42420561	0
chr1	95561489	95561539	1
chr2	236504236	236504286	7
chr3	72987945	72987995	4
chr16	12010051	12010101	3
chr16	68001387	68001437	1
chr3	124505772	124505822	0
chr6	132147318	132147368	0
chr8	224454	224504	0
chr6	15390740	15390790	0
chr6	126385908	126385958	0
chr9	15511272	15511322	8
chr12	111142708	111142759	2
chr1	116991565	116991615	0
chr17	57518312	57518363	2
chr15	41310687	41310737	8
chr9	115090528	115090578	0
chr17	76870220	76870271	6
chr1	151696478	151696528	0
chr11	84669447	84669497	0
chr5	117475255	117475305	0
chr15	40347575	40347626	5
chr1	217598414	217598464	0
chr12	14667343	14667394	5
chr10	126713405	126713456	6
chr13	109747497	109747547	0
chr12	123402263	123402313	0
chr3	94678084	94678134	3
chr8	101707579	101707629	0
chr5	71228681	71228731	3
chr7	157028874	157028924	0
chr8	99411381	99411431	0
chr9	112852138	112852188	0
chr11	61739267	61739317	0
chr2	36981948	36981998	0
chr7	30375847	30375897	0
chr21	40185492	40185542	4
chr6	13726024	13726074	0
chr16	73301198	73301248	0
chr1	168876408	168876458	0
chr3	118817636	118817686	7
chr8	102600146	102600196	0
chr1	223174266	223174316	0
chr1	27029031	27029081	8
chr20	14035951	14036001	7
chr2	44683224	44683274	4
chr6	1243738	1243788	0
chr15	89714874	89714925	2
chr2	75120290	75120340	0
chr15	83955031	83955081	1
chr1	222763086	222763136	1
chr14	35874650	35874700	0
chr5	1010342	1010392	0
chrX	22693246	22693296	4
chr1	113248087	113248137	4
chr21	45554719	45554769	0
chr2	6056277	6056327	0
chr1	152025192	152025243	2
chr12	58119984	58120035	2
chr7	83278408	83278458	0
chr2	55052175	55052225	0
chr6	107830754	107830804	4
chr14	26092119	26092169	0
chr10	101039357	101039407	0
chr2	40478429	40478479	0
chr14	89704462	89704512	0
chr1	109354617	109354667	0
chr6	149564215	149564265	0
chr8	105089925	105089975	0
chr7	44078969	44079019	0
chr7	99601735	99601785	0
chr5	114709976	114710026	3
chr12	56553325	56553375	0
chr7	112023564	112023615	6
chr19	43702981	43703032	5
chrX	100150515	100150566	2
chr10	72894893	72894943	1
chr6	11428317	11428367	0
chr4	3673741	3673791	0
chr6	131687537	131687587	0
chr11	78808703	78808753	0
chr1	26448646	26448696	0
chr20	18964588	18964638	0
chr2	221092322	221092372	0
chr3	32086956	32087006	0
chr1	168596795	168596845	0
chr14	34770511	34770562	2
chr6	119805859	119805910	6
chr17	41985546	41985596	0
chr19	46172424	46172474	4
chr11	34078705	34078755	4
chr14	55894186	55894236	0
chr5	61988421	61988471	0
chr2	163846310	163846361	6
chr4	106009778	106009828	0
chr8	102769352	102769402	0
chr7	40772988	40773038	4
chr2	100190712	100190762	8
chr12	107368437	107368487	0
chr1	85680585	85680635	0
chr21	36702398	36702448	0
chr10	52548878	52548928	7
chr9	80659192	80659242	4
chr12	107038835	107038885	3
chr3	15797477	15797527	0
chrX	24168261	24168311	0
chr1	193075177	193075227	0
chr11	68530914	68530964	8
chr5	78489693	78489743	3
chr14	34551146	34551196	3
chr1	217139786	217139836	0
chr10	111896964	111897015	2
chr9	35180117	35180167	0
chr8	134885446	134885496	4
chr8	42350033	42350083	0
chr12	56915484	56915534	4
chr16	79338224	79338274	7
chr11	65309337	65309387	0
chr11	29365442	29365492	7
chr2	58109136	58109187	6
chr15	64978491	64978542	2
chr5	123932737	123932787	4
chr21	41690807	41690857	8
chr8	73232210	73232261	2
chr3	195101870	195101920	0
chr17	60130346	60130396	4
chr7	36077044	36077094	0
chr6	1296361	1296411	4
chr8	126540878	126540928	0
chr5	100226216	100226266	4
chr7	27573985	27574035	0
chr8	86879133	86879183	0
chr2	218231598	218231648	4
chr11	115040692	115040742	0
chr15	94791679	94791729	0
chr4	75240730	75240781	6
chr9	15135327	15135378	5
chr6	55607428	55607478	0
chr1	206904333	206904383	0
chr21	27498406	27498456	0
chr9	92218211	92218261	0
chr7	45283569	45283619	0
chr2	240737740	240737790	0
chr16	73077764	73077814	0
chr2	11857012	11857062	0
chr6	134936011	134936062	6
chr12	52348950	52349001	6
chr3	72475750	72475800	0
chr15	99421037	99421087	0
chr10	49571724	49571775	2
chr2	49253787	49253837	0
chr3	185826999	185827049	0
chr15	99322988	99323039	2
chr7	116062521	116062571	0
chr5	150513960	150514010	0
chr9	84219866	84219916	0
chr9	72004798	72004849	5
chr8	102648325	102648375	0
chr4	89066317	89066367	0
chr2	43265685	43265735	1
chr15	73668414	73668465	5
chr4	14881584	14881634	0
chr17	61671302	61671352	8
chr2	213992475	213992525	0
chrX	130809839	130809889	3
chr12	109715949	109716000	6
chr18	70986265	70986315	0
chr2	158682361	158682411	1
chr15	99029169	99029219	0
chr11	46920528	46920578	7
chr18	9639193	9639243	0
chrX	139994933	139994983	4
chr20	56812285	56812336	2
chr12	99047850	99047901	5
chr3	123347269	123347319	0
chr17	73804951	73805001	7
chr7	132515494	132515544	0
chr2	18061286	18061336	0
chr22	30084083	30084133	0
chr17	79031552	79031602	1
chr2	226861036	226861086	0
chr2	39821051	39821102	2
chr17	62224792	62224842	0
chr8	81279257	81279307	0
chr6	617662	617713	2
chr12	76338357	76338407	4
chr3	177800493	177800543	7
chrX	17513446	17513496	4
chr7	26728167	26728217	1
chr1	172154411	172154461	0
chr4	7863226	7863276	4
chr8	134632641	134632691	0
chr12	13280491	13280541	0
chr7	8054230	8054280	0
chr2	43454394	43454444	0
chr7	75698601	75698651	4
chr7	103032555	103032605	1
chr3	145890533	145890583	0
chr15	73092996	73093046	1
chr2	17003168	17003218	0
chrX	67708723	67708773	4
chr22	34371971	34372022	6
chr1	2718290	2718340	0
chr2	72431627	72431677	0
chr6	142622053	142622103	8
chr11	9110931	9110981	0
chr17	38771631	38771681	1
chrX	119883140	119883190	8
chr17	59800937	59800987	3
chr9	131258187	131258238	5
chr12	123069181	123069231	0
chr10	8799878	8799928	0
chr9	136242041	136242091	3
chr14	85940493	85940543	0
chr14	52899440	52899490	0
chr11	82783048	82783099	6
chr15	85473408	85473458	1
chr12	75374538	75374588	1
chr13	26552450	26552500	4
chr14	21159072	21159123	6
chr15	64455545	64455596	2
chrX	100858396	100858446	0
chr5	139944119	139944170	6
chr6	13456163	13456213	0
chr14	64010013	64010063	0
chr2	11652997	11653048	6
chr7	98520522	98520572	0
chr14	57046189	57046240	2
chr14	70133562	70133612	1
chr6	100564883	100564933	4
chr19	18633507	18633557	8
chr6	75994929	75994979	4
chr9	130659635	130659685	0
chr9	5203222	5203272	0
chr20	61164992	61165042	4
chr18	33077954	33078005	6
chr8	108199714	108199764	0
chr21	46221690	46221740	1
chr5	139641092	139641142	1
chr5	132580177	132580228	6
chr6	90085375	90085425	7
chr2	186667860	186667910	0
chr3	178865089	178865140	2
chr8	101730259	101730309	0
chr6	165324980	165325030	0
chr2	27825286	27825336	0
chr8	69611632	69611682	1
chr6	105720663	105720713	0
chr16	3086296	3086346	0
chr7	92835207	92835257	0
chr7	105471082	105471132	3
chr1	186632002	186632052	0
chr19	45927080	45927130	1
chr18	34879603	34879653	0
chr1	42347927	42347977	3
chr14	49945676	49945726	4
chr6	22288075	22288125	0
chr6	126375740	126375790	4
chr8	74226489	74226540	5
chr17	66288656	66288706	0
chr11	72889263	72889314	2
chr5	78831571	78831621	0
chr22	34261316	34261366	4
chr14	102675710	102675761	2
chr13	111152243	111152294	6
chrX	81213514	81213565	2
chr22	29214729	29214779	0
chr20	24998229	24998279	0
chr14	33296113	33296163	7
chr2	33500891	33500941	0
chr2	215285170	215285220	1
chr7	7996592	7996643	6
chr7	44455454	44455504	4
chr5	159743142	159743192	0
chr12	132345413	132345463	3
chr16	65792708	65792759	6
chr14	71570756	71570807	2
chr12	132319905	132319955	8
chr7	132920168	132920218	4
chr12	53024703	53024753	4
chr6	22249230	22249280	1
chr8	89564470	89564520	0
chr16	68670004	68670054	0
chr3	159500955	159501005	1
chr2	150771658	150771708	0
chr3	64228145	64228195	3
chr1	68316611	68316661	0
chr3	65675236	65675286	7
chr7	112102430	112102481	6
chr8	125985484	125985534	3
chr4	184424808	184424858	0
chr1	108068746	108068796	0
chr6	17600579	17600629	1
chr19	56732706	56732756	4
chr12	52637970	52638020	0
chr10	70286591	70286641	4
chr14	32667466	32667516	0
chr10	29607275	29607326	2
chr7	44529590	44529640	1
chr2	74056018	74056068	1
chr21	41686274	41686325	6
chr1	166810419	166810469	0
chr6	149382385	149382435	3
chr12	13214932	13214982	0
chr6	1325978	1326028	0
chr8	104148481	104148531	3
chr8	100812311	100812361	0
chr1	164559648	164559698	0
chr21	17221136	17221186	0
chr3	129427272	129427322	4
chr17	26662467	26662517	0
chr19	38828018	38828068	8
chr21	43729158	43729209	2
chr11	119275766	119275817	6
chr4	89688228	89688278	0
chr2	33637021	33637071	0
chr7	153529398	153529449	5
chr4	31195313	31195364	2
chr10	34130744	34130794	0
chr10	35146926	35146976	0
chr21	40279207	40279257	0
chr6	150451128	150451178	0
chr10	36998462	36998512	0
chr20	55017093	55017143	1
chr3	141345912	141345962	0
chr1	185286742	185286792	8
chr3	30559942	30559992	4
chr12	69393963	69394013	4
chr8	126021491	126021541	0
chr16	30773406	30773456	1
chr7	103798204	103798254	8
chr5	67095740	67095790	0
chr2	184113979	184114030	6
chr11	46848265	46848315	1
chr12	77558412	77558463	5
chr7	33762496	33762546	0
chr16	82538909	82538959	0
chr9	3699938	3699988	0
chr9	132373497	132373548	2
chr12	67479549	67479599	0
chr12	67988818	67988868	0
chr13	82843597	82843647	0
chr8	38617703	38617753	4
chr20	59878935	59878985	0
chr1	193155117	193155167	0
chr1	155618461	155618511	7
chr15	64916085	64916135	0
chr7	142551690	142551740	0
chr16	931298	931348	1
chr17	56052996	56053046	0
chr2	188411781	188411831	0
chr9	107554272	107554322	0
chr9	89178315	89178365	0
chr13	95923619	95923669	8
chr12	6560659	6560710	6
chr10	76951994	76952044	0
chr5	132610364	132610414	4
chr4	36245257	36245307	0
chr2	237953271	237953321	0
chr17	56595571	56595621	7
chr4	141678034	141678084	3
chr11	89982919	89982969	0
chr13	96366871	96366921	0
chr16	2795061	2795112	6
chr3	79700601	79700651	4
chr1	7551337	7551387	0
chr21	16235909	16235959	0
chr1	178506074	178506124	4
chr14	100659260	100659311	2
chr12	123373085	123373136	6
chr1	108661344	108661395	6
chr2	230931857	230931908	2
chr14	96811075	96811125	0
chr7	31593408	31593459	6
chr12	97791196	97791246	4
chr15	81097663	81097713	0
chr13	50940376	50940426	4
chrX	84747855	84747905	0
chr9	115267952	115268002	0
chr2	71127311	71127361	0
chr7	50623751	50623801	4
chr4	687191	687241	0
chr12	92997200	92997250	0
chr6	6662034	6662084	0
chr16	73912698	73912749	2
chr18	47827863	47827913	0
chr5	141977665	141977715	8
chr16	64512455	64512505	8
chr14	52031840	52031890	0
chr3	146400268	146400318	0
chr1	209981661	209981711	4
chr20	46083957	46084007	3
chr3	129204791	129204841	0
chr4	77491701	77491751	0
chr6	12331785	12331835	4
chr21	40454946	40454996	4
chr17	8572710	8572760	0
chr12	124773757	124773807	0
chr11	46384420	46384470	3
chr1	96630349	96630399	0
chr12	50263090	50263140	8
chr6	36302930	36302980	0
chr4	25146664	25146714	7
chr1	206912466	206912517	2
chr13	73677468	73677518	0
chr6	82547863	82547913	4
chrX	96401142	96401192	0
chr2	121049071	121049121	1
chr21	27488806	27488856	0
chr15	99882143	99882193	4
chr6	93004138	93004188	0
chr1	180575223	180575273	4
chr2	54817209	54817259	3
chr7	134129150	134129200	8
chr11	81961254	81961304	0
chr2	203504001	203504051	4
chr10	573617	573667	4
chr4	176458176	176458227	5
chr19	42800352	42800403	5
chr5	141887785	141887835	0
chr7	107842349	107842399	0
chr1	197520836	197520886	0
chr20	55362834	55362884	4
chr6	166303732	166303783	5
chr14	94121584	94121635	2
chr14	69126182	69126232	3
chr12	100948651	100948701	0
chr8	124706151	124706202	5
chr12	38710368	38710418	1
chr1	220595727	220595777	0
chr3	24493303	24493353	0
chr16	23373958	23374008	0
chr18	60382469	60382519	8
chr21	43809768	43809818	8
chr3	25484125	25484175	0
chr1	144941431	144941481	0
chr7	105305413	105305463	0
chr17	65180073	65180123	4
chr8	109260910	109260961	6
chr2	233102991	233103041	0
chr21	38012749	38012799	4
chr3	13319579	13319629	0
chr3	167505440	167505491	6
chr3	4040013	4040063	7
chr7	106875713	106875763	0
chr16	48269790	48269840	7
chr16	90110620	90110670	0
chr17	39933974	39934024	0
chr3	127716964	127717014	0
chr3	160746671	160746722	6
chr2	64069940	64069991	6
chr11	116611772	116611823	6
chr7	12623773	12623823	0
chr6	55268112	55268162	0
chr8	17396481	17396531	8
chr6	125906204	125906254	0
chr6	39265979	39266029	0
chr13	31665419	31665469	4
chr7	1308554	1308604	0
chr5	95129972	95130023	6
chr10	76782213	76782264	5
chr1	151467343	151467394	6
chr17	65437528	65437578	0
chr19	38795748	38795798	4
chr3	23136769	23136819	0
chr4	153528101	153528151	4
chr2	134081755	134081805	4
chr9	102784455	102784505	4
chr10	29311654	29311704	4
chr12	44359348	44359398	0
chr12	79941298	79941348	3
chr8	116215911	116215961	0
chr3	46977028	46977078	1
chr5	139927274	139927324	4
chr9	80263885	80263935	1
chr2	55334720	55334770	0
chr19	10676663	10676713	8
chr12	33560213	33560263	0
chr3	150285973	150286023	0
chr12	80710307	80710357	3
chr1	183232070	183232120	4
chr4	78739316	78739366	0
chr12	18634392	18634442	0
chr10	32576864	32576915	5
chr21	41712412	41712462	0
chr20	18700573	18700623	1
chr1	27480054	27480104	4
chr6	82519428	82519478	0
chr5	172882954	172883004	4
chr8	98594895	98594946	2
chr20	62274055	62274105	3
chr5	75680150	75680201	6
chr11	34754577	34754627	0
chr8	30580563	30580613	4
chr20	58509301	58509352	6
chr16	17410026	17410076	0
chr15	74753463	74753513	0
chr4	146772809	146772859	0
chr2	235935805	235935855	0
chr3	182163365	182163415	0
chr7	359027	359077	0
chr3	15367729	15367780	6
chr10	110151090	110151141	6
chr15	75682281	75682331	0
chr19	17438591	17438642	2
chr11	85539315	85539365	0
chr14	32553152	32553202	0
chr19	30808796	30808846	0
chr9	15485994	15486045	2
chr11	126252535	126252585	4
chr12	58240544	58240594	0
chr3	196594334	196594384	4
chr7	112122921	112122971	4
chr5	133415557	133415607	0
chr20	15246732	15246783	5
chr3	106120723	106120773	0
chr10	64566941	64566991	0
chr3	133172135	133172186	6
chr3	122496062	122496112	0
chr5	174102790	174102840	4
chr8	125192599	125192649	1
chr8	101688965	101689016	2
chr3	5028642	5028692	0
chr2	159047697	159047747	0
chr3	161740579	161740629	0
chrX	39871329	39871379	3
chr1	67896826	67896877	6
chr6	49431078	49431128	0
chr1	78441842	78441892	0
chr9	128035083	128035133	0
chr6	53851930	53851980	0
chr8	83687257	83687307	0
chr3	134488739	134488789	0
chr3	25767490	25767540	0
chr7	89874481	89874532	6
chr3	49195699	49195749	7
chr22	29781779	29781829	0
chr2	220441710	220441760	1
chr7	90054895	90054945	0
chr19	19517905	19517956	5
chr2	101812906	101812956	0
chr3	118959197	118959248	6
chr4	54568870	54568920	8
chr8	65575590	65575640	0
chr9	124595340	124595390	0
chr4	52918118	52918168	1
chr20	46413698	46413748	0
chr19	40059416	40059466	4
chr4	53886104	53886154	0
chr1	178208083	178208133	0
chr18	21324150	21324201	6
chr1	150954885	150954935	1
chr14	105240878	105240928	0
chr11	64851674	64851724	1
chr18	13253784	13253835	2
chr15	85969947	85969997	1
chr14	21945254	21945305	2
chr8	100115195	100115245	0
chr3	161144791	161144841	0
chr10	127203658	127203708	8
chr12	56520106	56520157	2
chr12	1434977	1435027	1
chr9	135547605	135547656	6
chr12	47338082	47338132	3
chr19	39205327	39205377	0
chr1	87161234	87161284	0
chr18	11689024	11689075	6
chrX	131119774	131119824	0
chr19	36422531	36422581	3
chr7	45788815	45788865	8
chr4	44159916	44159966	4
chr8	130463177	130463227	1
chr16	54961178	54961228	0
chr15	81702783	81702834	2
chr10	75385726	75385776	4
chrUn_gl000219	99817	99867	3
chr8	123877301	123877351	3
chr12	122501055	122501105	0
chr12	44199039	44199089	0
chr10	115284102	115284152	7
chr3	104882	104932	0
chr9	128212081	128212131	4
chr14	82000516	82000566	3
chr7	158060158	158060208	1
chr10	8736287	8736337	0
chr9	91002459	91002509	0
chr1	65883574	65883624	4
chr4	112913108	112913158	0
chr4	87582719	87582769	0
chr2	151085709	151085759	0
chr14	50241035	50241085	0
chr5	127213518	127213568	4
chr5	57755795	57755845	1
chr6	10613514	10613564	0
chr12	112464843	112464893	4
chrX	132188885	132188935	0
chr11	125298950	125299000	0
chr8	100721778	100721828	3
chr10	34926813	34926863	0
chr8	120676239	120676289	0
chr20	20840997	20841048	2
chr20	9100373	9100424	5
chr3	188023110	188023160	8
chr10	29824409	29824459	4
chr1	5748651	5748701	0
chr2	103104854	103104904	8
chr1	240042758	240042808	0
chr1	241161909	241161959	0
chr13	62601836	62601886	0
chr4	40625176	40625226	0
chr7	31168869	31168919	0
chr1	183250763	183250813	7
chr8	116554185	116554235	1
chr12	94071089	94071139	4
chr1	188610853	188610904	6
chr5	88260969	88261020	6
chr13	42803612	42803662	0
chr3	168867473	168867523	4
chr10	62185320	62185370	0
chr19	12274570	12274620	4
chr2	74640149	74640199	0
chr15	56210294	56210344	0
chr20	50419942	50419992	1
chr19	47428688	47428738	0
chr17	47393116	47393166	3
chr2	157440970	157441020	0
chr1	108464004	108464054	0
chr8	134731373	134731423	8
chr10	117424447	117424497	0
chr9	14616542	14616593	5
chr21	16494280	16494330	4
chr1	150459740	150459790	3
chr15	88421636	88421686	3
chr10	74452810	74452860	0
chr3	182697318	182697368	0
chr7	121944808	121944858	0
chr3	128880467	128880517	8
chrX	15586555	15586606	2
chr6	45982776	45982826	0
chr17	73379201	73379251	0
chr16	85557459	85557509	1
chr19	10946399	10946449	1
chr9	22104165	22104216	5
chr1	160577063	160577113	7
chr4	56915991	56916041	0
chr20	52687082	52687132	3
chr20	52230039	52230089	0
chr5	54455703	54455754	5
chr5	17145347	17145397	0
chr7	111493398	111493448	0
chr14	98715943	98715993	0
chr2	28422916	28422966	0
chr7	90040942	90040992	0
chr19	38549190	38549240	0
chr16	89557890	89557940	1
chr19	46144679	46144729	0
chr14	35370262	35370312	0
chr2	236478947	236478997	8
chrX	10918766	10918816	4
chr9	130098881	130098931	0
chr14	96127165	96127215	0
chr16	81170780	81170830	3
chr6	157313100	157313151	6
chr10	114840736	114840786	0
chr16	87901266	87901316	0
chr16	3661030	3661080	1
chr2	29140807	29140857	0
chr10	116286667	116286717	3
chr1	215777126	215777177	6
chr17	29700364	29700414	3
chr21	30754564	30754614	3
chr16	11886783	11886833	0
chr2	153572483	153572533	3
chr9	139620266	139620316	0
chr12	47233960	47234010	0
chrX	131433812	131433862	0
chr9	129838469	129838519	0
chr3	71160267	71160317	0
chr16	2526965	2527015	4
chr2	144891788	144891838	0
chr1	246772108	246772158	0
chr21	32901774	32901824	0
chr20	9274947	9274997	0
chr19	10612756	10612806	1
chr15	87099431	87099481	0
chr17	28038054	28038104	8
chr17	47937577	47937627	4
chr5	44263655	44263706	6
chr6	7560106	7560156	4
chr12	56013675	56013726	2
chr2	132357770	132357820	0
chr13	74316300	74316350	0
chr20	39707144	39707195	2
chr9	110893367	110893417	3
chr1	150670203	150670253	4
chr7	3615884	3615934	0
chr2	37311360	37311410	0
chr9	97685368	97685418	0
chr15	99401186	99401236	0
chr2	228088726	228088776	0
chr17	76992213	76992263	0
chr15	64386269	64386319	8
chr6	80165374	80165424	1
chr3	189042590	189042640	0
chr16	25189015	25189065	1
chr8	117355384	117355434	0
chr2	152266434	152266484	0
chr17	55665531	55665581	0
chr1	236687784	236687834	8
chr2	138721889	138721940	6
chr11	66764529	66764579	0
chr14	102529664	102529715	5
chrX	142209364	142209414	3
chr19	1254862	1254912	1
chr2	179058384	179058434	0
chr1	218879322	218879372	0
chr5	72174807	72174857	7
chr11	115558857	115558907	3
chr3	101670399	101670449	4
chr10	116582738	116582788	0
chr7	73246675	73246725	0
chr17	17843941	17843991	1
chr7	85183753	85183804	5
chr5	175281690	175281740	0
chr1	170084101	170084151	3
chr22	31030549	31030600	2
chr2	201728710	201728761	6
chr2	191364156	191364206	0
chr15	70261989	70262039	4
chr13	27412304	27412354	1
chr17	16004508	16004558	8
chr14	37583288	37583338	4
chr5	16542650	16542700	0
chr1	193028566	193028616	3
chr1	220510823	220510873	8
chr2	66480385	66480435	0
chr1	101754138	101754189	5
chr16	49995149	49995199	0
chr13	113366205	113366255	8
chr14	34100981	34101031	1
chr9	89054884	89054934	4
chr7	42131452	42131502	4
chr12	84559990	84560040	4
chr10	70748538	70748588	3
chr16	46796695	46796746	6
chr8	30290791	30290841	0
chr9	98931844	98931894	0
chr5	124833919	124833969	0
chr1	17625236	17625286	4
chr14	68925958	68926008	0
chr7	88753452	88753502	0
chr14	37482002	37482052	0
chr6	137061503	137061553	0
chr14	66096175	66096225	4
chr9	71908203	71908253	0
chr6	152589557	152589607	7
chr22	18122371	18122421	0
chr8	91901019	91901070	6
chr2	134255343	134255393	0
chr5	54507161	54507211	0
chr7	38310754	38310804	0
chr10	91402102	91402152	8
chr1	62707474	62707524	0
chr19	18852744	18852794	0
chr6	113755129	113755179	0
chr8	99687609	99687660	6
chr16	80058131	80058181	3
chr20	49190121	49190171	0
chr4	77129700	77129750	0
chr15	81567333	81567383	8
chr6	74346134	74346184	4
chr3	8456583	8456633	0
chr3	14863854	14863904	0
chr1	150336078	150336128	0
chr17	80189854	80189904	0
chr20	45985408	45985458	0
chr13	92831726	92831777	6
chr21	36626368	36626418	8
chr9	22129530	22129580	0
chr21	40443834	40443884	4
chr7	104400970	104401020	0
chr17	7186374	7186424	0
chr7	100711496	100711546	0
chr6	39625360	39625410	0
chr21	24228101	24228151	0
chr15	69582015	69582065	0
chr2	225233906	225233957	2
chr13	107128480	107128530	0
chr14	102276133	102276184	6
chr3	101522185	101522236	2
chr2	38818558	38818608	0
chr6	38405001	38405051	1
chr3	32599321	32599371	0
chr1	161391406	161391456	0
chr12	48921296	48921346	1
chr1	168735950	168736000	0
chr16	85499738	85499788	3
chr10	75173163	75173213	0
chr7	75706881	75706931	8
chr18	48149353	48149403	0
chr1	109841339	109841389	0
chr12	97813873	97813923	1
chr20	20529518	20529568	0
chr5	865677	865727	0
chr3	143862939	143862989	0
chr1	12603753	12603803	0
chr8	70404668	70404718	0
chr16	83987954	83988004	4
chr19	18117814	18117864	4
chr7	56225059	56225109	0
chr8	91593764	91593814	4
chrX	9757131	9757181	0
chr10	1020028	1020078	4
chr2	164028711	164028761	0
chr14	42130891	42130941	0
chr6	17116416	17116466	1
chr5	105648215	105648265	0
chr17	47585912	47585962	0
chr16	72959005	72959055	0
chr18	43382941	43382991	0
chr11	117173902	117173952	0
chr8	102952911	102952961	1
chr12	46518093	46518143	0
chr3	159590335	159590385	0
chr21	44999013	44999063	0
chr6	23517341	23517392	6
chr15	74449363	74449413	0
chr15	33299625	33299676	5
chr11	76799815	76799865	3
chr17	59434231	59434281	3
chr2	166731112	166731163	2
chr6	143381377	143381427	0
chr20	8186826	8186877	6
chr12	57119166	57119217	6
chr15	83559750	83559800	8
chr15	96919627	96919677	4
chr15	88694077	88694127	0
chr15	68318504	68318554	0
chr11	64546392	64546443	5
chr2	103220516	103220567	6
chr12	53445071	53445121	4
chr14	103460147	103460197	8
chr5	113998797	113998847	0
chr1	71927256	71927306	4
chr8	70381340	70381391	6
chr16	16195546	16195596	3
chr17	63530109	63530159	1
chr15	36799138	36799188	0
chr7	93925257	93925307	7
chr5	21201172	21201223	6
chr12	79452441	79452491	0
chr6	89545127	89545177	0
chr16	73010530	73010580	0
chr16	12667802	12667853	2
chr12	112081348	112081398	4
chr7	65372707	65372757	0
chr12	26185797	26185848	6
chr10	29554314	29554364	0
chr5	134977551	134977601	3
chr16	11292835	11292885	0
chr16	88685034	88685084	4
chr5	24634003	24634054	5
chr10	109374506	109374556	0
chr4	15446746	15446796	0
chr18	45660300	45660350	0
chr5	77961967	77962018	6
chr2	71871263	71871313	4
chr1	83568454	83568504	0
chr6	23017038	23017088	1
chr1	114723302	114723353	6
chr2	161609801	161609851	0
chr19	8523447	8523497	0
chr11	32125111	32125161	0
chr10	62896098	62896148	0
chr15	99847274	99847324	0
chr5	66390697	66390747	3
chr16	78693539	78693589	0
chr11	47270830	47270880	0
chr10	19083290	19083340	0
chr15	91974674	91974724	0
chr6	139908860	139908910	0
chr6	55053140	55053190	0
chr13	103250201	103250251	4
chr13	39255772	39255822	8
chr9	35426837	35426887	0
chr16	72978923	72978973	0
chr15	90471721	90471771	0
chr4	91746326	91746376	8
chr9	36575817	36575867	0
chr22	46847002	46847052	4
chr2	46319653	46319703	0
chr3	66532264	66532314	4
chr2	161285925	161285975	7
chr10	9154084	9154134	1
chr2	82715864	82715914	0
chr3	24681942	24681993	2
chr4	55575775	55575825	0
chr2	37113052	37113102	1
chr3	187754368	187754419	6
chr3	156294743	156294793	4
chr9	88040225	88040275	7
chr9	124370049	124370099	0
chr10	74877847	74877897	4
chr12	81105916	81105966	4
chr1	218671454	218671504	0
chr6	144643335	144643385	0
chr4	20594419	20594469	0
chr8	115103214	115103265	2
chr8	117000259	117000309	0
chr1	24867676	24867726	0
chr18	32559337	32559387	0
chr7	111370750	111370801	2
chr11	27223671	27223721	0
chr11	47544970	47545020	0
chr5	76606767	76606817	4
chr6	8064742	8064793	6
chr1	24742461	24742511	0
chr1	113007336	113007386	8
chr14	42168837	42168887	0
chr10	63710729	63710779	0
chr5	55787112	55787162	4
chr7	150810817	150810867	0
chr7	140281589	140281639	0
chr2	11671267	11671317	0
chr14	38058005	38058055	0
chr14	76522925	76522975	0
chr1	182931837	182931887	3
chr8	127636835	127636885	0
chr6	22924314	22924364	0
chr6	132144650	132144701	6
chr1	235011534	235011584	3
chr5	117488192	117488243	6
chr12	118710316	118710366	0
chr1	150944042	150944092	0
chr1	205908930	205908980	4
chr2	238602392	238602442	0
chr1	245925856	245925906	4
chr10	126833321	126833371	0
chr18	19624671	19624721	0
chr6	157991336	157991386	4
chr20	44420557	44420608	6
chr11	86282813	86282863	0
chr7	26893574	26893625	2
chr15	51791740	51791791	2
chr4	24475270	24475320	0
chr7	16975227	16975277	8
chrX	132190706	132190757	6
chr5	44056593	44056643	4
chr6	42532940	42532990	0
chr3	19030945	19030996	6
chr7	142146118	142146169	2
chr5	36242154	36242204	4
chr12	12870248	12870299	6
chr13	52028107	52028157	0
chr8	19315710	19315760	0
chr15	95023821	95023871	0
chr10	126723881	126723931	0
chr9	2022699	2022749	0
chr1	117360286	117360336	0
chr4	183846647	183846697	7
chr11	65148446	65148497	5
chr6	39835516	39835566	1
chr10	30530220	30530271	2
chr14	74226556	74226606	4
chr1	201528936	201528987	2
chr17	63290459	63290510	2
chrX	69353235	69353285	7
chr15	34058680	34058730	3
chr14	106642666	106642717	5
chr15	52432197	52432248	2
chr2	88487628	88487678	7
chr9	139923367	139923418	2
chr12	101808476	101808526	7
chr9	1434336	1434386	1
chr7	149322766	149322817	5
chr5	50258922	50258973	2
chr10	127387439	127387489	8
chr7	30948496	30948546	8
chr12	89923739	89923789	0
chr20	4205149	4205199	3
chr5	180616112	180616163	6
chr1	244386392	244386443	5
chr13	50655972	50656022	1
chr7	64720814	64720864	7
chr11	45676958	45677009	5
chr5	37838383	37838433	3
chr10	71560998	71561049	5
chr7	111403678	111403728	7
chr19	10613319	10613369	1
chr2	63771334	63771384	0
chr9	34562314	34562364	0
chr7	149675739	149675789	7
chr5	117964838	117964889	5
chr22	19953724	19953775	5
chr1	16142179	16142230	5
chr15	68608984	68609035	2
chr7	143084908	143084958	8
chr17	42018118	42018169	2
chr5	129235318	129235368	7
chr13	77576892	77576943	2
chr2	216601596	216601647	5
chr12	122065267	122065317	1
chr6	16762949	16763000	2
chr7	31768988	31769039	2
chr2	171153683	171153733	7
chr5	80488240	80488291	6
chr8	48649410	48649461	5
chr14	107012844	107012894	7
chr1	220011238	220011288	7
chr1	32181395	32181446	2
chr17	72683122	72683172	0
chr17	29044132	29044183	5
chr1	53370732	53370782	3
chr7	121187723	121187774	5
chr3	13202641	13202691	1
chr20	9818681	9818732	5
chr8	141400965	141401016	5
chr6	90889102	90889153	5
chr5	127211323	127211373	7
chr12	82752553	82752604	2
chr7	144867168	144867219	2
chr2	231003077	231003127	0
chrX	77963873	77963924	5
chr10	99223544	99223595	5
chrX	68713162	68713213	5
chr11	5574759	5574810	5
chrX	48370097	48370148	2
chr14	22508674	22508725	2
chr5	7436817	7436868	5
chr1	25176346	25176397	2
chr8	120221687	120221737	0
chr13	99083533	99083584	2
chr9	107625674	107625724	7
chr15	40567024	40567075	2
chr2	175874833	175874883	7
chr8	37016895	37016945	7
chr8	144373531	144373581	8
chr7	36024933	36024984	5
chr1	168679526	168679577	5
chr10	73950190	73950241	5
chrX	41619244	41619295	5
chr20	55797429	55797479	1
chr2	5765885	5765935	3
chr7	142135227	142135278	5
chr5	64372366	64372417	6
chr5	102855420	102855471	5
chr15	52970407	52970458	5
chr3	33729058	33729109	6
chr5	135065346	135065397	2
chr5	85600951	85601002	2
chr2	12003909	12003959	7
chr5	133625388	133625439	2
chr1	152416622	152416673	2
chr4	75242764	75242815	5
chr2	162803209	162803260	5
chr2	149955991	149956042	5
chr20	39790652	39790703	5
chr3	27788417	27788468	6
chr15	95213834	95213885	5
chr20	40523807	40523858	5
chr12	57505547	57505597	3
chr4	7878008	7878059	5
chr16	89477336	89477386	0
chr11	2058266	2058317	2
chr5	139485850	139485900	8
chr1	185664612	185664663	2
chr15	27410909	27410959	0
chr2	171729880	171729930	7
chr1	7048087	7048137	0
chr5	177551538	177551588	7
chr15	101555552	101555603	2
chr15	47488343	47488394	5
chr15	39283504	39283554	7
chr1	163285745	163285795	7
chr3	1145383	1145434	5
chr2	21540183	21540234	2
chr15	44067783	44067834	2
chr17	75817312	75817363	5
chrX	107213369	107213419	1
chr10	44834914	44834964	3
chrX	47428496	47428546	1
chr12	29151935	29151985	7
chr2	102841996	102842046	0
chr9	139521997	139522047	3
chr10	25315597	25315648	5
chr9	100459351	100459401	1
chr10	135071353	135071403	1
chr14	93799587	93799637	4
chr5	174508813	174508863	1
chr8	144614423	144614474	2
chr18	73403512	73403562	4
chr7	68868305	68868356	5
chr17	80855622	80855672	8
chr16	68772261	68772312	2
chr10	14438664	14438714	8
chr14	24777459	24777510	2
chr4	73192587	73192638	2
chr12	100798764	100798815	6
chr2	100938977	100939027	8
chr11	122925156	122925206	7
chr17	55749416	55749467	2
chr4	155466980	155467030	4
chr19	39888440	39888491	2
chr15	74415446	74415497	6
chr8	142148094	142148145	5
chr7	115316215	115316266	6
chr11	64085488	64085538	4
chr7	93919864	93919914	7
chr11	75087416	75087467	5
chr8	119427358	119427408	7
chr8	110651984	110652035	5
chr17	39643198	39643249	2
chr17	53899921	53899972	6
chr1	75237777	75237828	5
chr5	158868508	158868558	8
chr14	106465994	106466045	5
chr2	242640732	242640782	3
chr9	124132822	124132872	8
chr3	39765864	39765915	5
chr21	38592829	38592879	8
chr16	21313104	21313154	8
chr11	36768753	36768804	2
chr22	41214972	41215023	5
chr6	27759999	27760049	7
chr9	94496818	94496869	2
chr6	20789550	20789600	7
chr10	48384992	48385042	1
chr9	21183199	21183249	3
chr1	19210809	19210859	3
chr16	3062149	3062199	8
chr1	215700063	215700114	2
chr2	114557043	114557094	6
chr18	56197139	56197189	7
chr4	1750535	1750586	2
chr21	34733272	34733322	7
chrX	3730239	3730289	0
chr5	60643177	60643228	6
chr18	9722809	9722860	2
chr17	72858512	72858563	5
chr1	144865224	144865275	2
chr5	810483	810533	4
chr22	35746880	35746931	5
chr10	68685617	68685667	1
chr4	84692432	84692482	7
chr17	73625644	73625694	1
chr3	173450991	173451042	2
chr4	47465637	47465687	8
chr2	231968928	231968979	6
chr1	86981531	86981581	4
chr14	41854364	41854414	8
chr2	228797274	228797325	5
chr3	189685222	189685272	7
chr20	8000100	8000151	2
chr11	35843823	35843874	5
chr2	10898049	10898099	1
chr16	67697590	67697640	8
chr14	77767551	77767602	2
chr7	132532895	132532945	8
chr7	30452815	30452866	2
chr12	111639008	111639058	7
chr10	100508216	100508266	7
chr7	106532149	106532200	2
chr11	118478622	118478672	3
chr2	26683265	26683315	7
chr3	185811518	185811568	8
chr7	132003659	132003710	2
chr1	204776228	204776279	2
chr9	132500150	132500200	3
chr17	52978009	52978059	3
chr15	23887718	23887769	2
chr11	62380065	62380116	2
chr2	230933054	230933105	6
chrX	142837809	142837860	5
chr9	140780081	140780132	6
chr3	184788456	184788506	7
chr1	104003978	104004029	5
chr10	101945252	101945302	0
chr3	142650271	142650321	7
chr3	10416139	10416190	2
chr17	42245959	42246010	2
chr12	6861589	6861639	1
chr20	61053353	61053404	5
chr6	132714100	132714151	5
chr3	139654320	139654370	4
chr20	19192548	19192598	3
chr10	50747165	50747215	4
chr2	18559472	18559523	5
chr1	160189535	160189586	2
chr2	198243280	198243330	0
chr7	2387785	2387836	5
chr6	168200166	168200217	6
chr1	163041742	163041793	2
chr5	94186137	94186187	7
chr4	72055355	72055405	0
chr1	231908976	231909026	1
chr8	99559281	99559331	0
chr16	68663540	68663591	6
chr6	151727344	151727395	5
chr2	159036334	159036385	2
chr11	15298344	15298395	6
chr15	89954780	89954831	6
chr7	139025995	139026045	3
chr10	12824612	12824663	2
chr1	215197323	215197374	5
chr5	140819187	140819237	4
chr7	42111785	42111836	6
chr12	27805262	27805313	5
chr3	120050168	120050218	8
chr8	105265805	105265855	7
chr14	93752437	93752487	7
chr1	40167686	40167737	2
chr15	42196793	42196843	1
chr11	36063724	36063774	7
chr7	107384027	107384077	7
chr3	38692868	38692918	7
chr7	124303154	124303205	5
chr14	37117303	37117354	2
chr9	135287651	135287701	7
chr9	129393658	129393708	8
chr9	128246368	128246418	1
chr14	106765390	106765441	2
chr17	46338812	46338863	2
chr10	125341804	125341855	2
chr5	134887695	134887746	2
chrX	141177115	141177165	8
chr9	35727008	35727058	8
chr18	13139927	13139978	5
chr7	135389024	135389075	5
chr5	137688348	137688398	8
chr11	17526280	17526331	5
chr1	38966108	38966158	1
chr17	17946965	17947016	5
chr16	90281948	90281998	3
chr7	9304208	9304258	3
chr3	115503492	115503543	5
chr8	122333663	122333713	0
chr2	192096811	192096861	7
chr22	22001159	22001209	7
chrX	102431465	102431516	2
chr6	119654937	119654987	8
chr1	206718278	206718329	2
chr19	12903338	12903388	1
chr3	107150713	107150764	6
chr7	157069017	157069067	8
chr10	54489441	54489492	2
chr10	114067784	114067835	2
chr2	75092587	75092638	6
chr2	203693581	203693632	5
chr7	131924308	131924358	1
chr2	80087866	80087917	5
chr13	93769250	93769301	6
chr17	13044302	13044352	1
chr13	73796883	73796934	6
chr6	67822161	67822211	7
chr18	24229839	24229890	2
chr15	38766504	38766554	7
chr2	72377635	72377686	2
chr16	69971482	69971532	7
chr9	19457581	19457632	2
chr1	919680	919731	2
chr9	10479299	10479349	3
chr17	62772793	62772843	4
chr21	22536392	22536443	2
chr5	138728407	138728458	5
chr4	4996997	4997047	7
chr10	55213094	55213144	3
chr16	33798460	33798510	7
chr2	233198249	233198300	5
chr6	2988498	2988548	4
chr1	179851835	179851886	6
chr6	37333692	37333742	7
chr5	101313618	101313668	7
chr21	47841201	47841252	6
chr7	137983128	137983178	1
chr2	196525181	196525232	2
chr12	54793235	54793286	2
chr11	123382105	123382156	2
chr6	124287178	124287228	7
chr1	156882678	156882728	4
chr1	76457364	76457414	7
chr21	27235001	27235052	2
chr20	56785068	56785119	2
chr5	134793320	134793371	2
chr21	17454921	17454972	5
chr2	32944050	32944100	8
chr17	55485845	55485895	0
chr3	159536244	159536295	5
chr22	30168483	30168533	1
chr18	61912033	61912084	6
chr8	22431995	22432046	2
chr12	51441663	51441714	2
chr14	70659833	70659883	8
chr21	27268218	27268268	7
chr1	91492466	91492517	5
chr12	49208581	49208632	2
chr6	35704221	35704272	2
chr13	22830543	22830593	7
chr4	113249183	113249234	2
chr1	114825593	114825644	2
chr8	71520467	71520517	8
chr5	87077110	87077161	2
chr10	27735142	27735193	2
chr8	37761572	37761622	0
chr17	77105824	77105875	5
chr4	132998093	132998143	1
chr3	103513725	103513775	7
chr10	60941601	60941651	7
chr4	9497281	9497331	7
chr17	74295103	74295154	5
chr19	11236931	11236982	5
chr14	68171404	68171454	3
chr16	9573034	9573085	5
chr11	124958973	124959023	8
chr3	87553215	87553266	2
chr9	103881719	103881769	3
chr11	58974263	58974314	2
chr8	133206249	133206300	5
chrX	99201865	99201915	4
chr19	51396530	51396581	5
chr20	61491833	61491884	2
chr18	48346425	48346476	5
chr4	119955891	119955941	7
chr16	2202914	2202964	8
chr1	216285357	216285407	7
chr5	175843514	175843564	1
chr19	34489817	34489868	2
chr8	49084849	49084900	2
chr6	108581766	108581816	3
chr11	121523820	121523871	5
chr3	196983879	196983930	2
chr1	204593273	204593324	5
chr2	200838674	200838724	1
chr3	58810098	58810148	7
chr4	55536125	55536176	5
chr1	118696931	118696981	4
chr9	4225934	4225985	2
chr2	204973142	204973193	2
chr7	142636820	142636871	2
chr20	29591693	29591743	7
chr15	32951543	32951593	3
chr10	24672699	24672750	2
chr3	193964130	193964180	1
chr2	121433269	121433319	7
chr11	9406716	9406767	5
chr5	131755488	131755539	2
chr4	153020875	153020926	2
chr5	167009432	167009483	5
chr8	145909834	145909884	4
chr17	49021625	49021675	3
chr2	178623723	178623773	7
chr11	84511962	84512013	5
chr9	2336246	2336297	2
chr1	226071862	226071912	1
chr7	104654090	104654140	7
chr15	22970344	22970394	3
chr8	99142424	99142474	7
chr1	246425175	246425225	3
chr14	64932653	64932703	1
chr1	205779889	205779939	1
chr2	84799762	84799812	1
chr17	48217393	48217443	7
chr7	18630541	18630592	2
chr9	44227425	44227476	2
chr7	33945312	33945362	1
chr5	102310045	102310096	5
chr1	210316982	210317033	2
chr9	13689165	13689216	2
chr12	54223141	54223192	5
chr2	213413319	213413369	7
chr2	143792114	143792164	7
chr16	75466932	75466983	5
chr2	112425260	112425310	8
chr2	85764921	85764971	3
chr15	79511113	79511163	7
chr17	45889748	45889799	5
chr14	95899576	95899627	5
chr17	7124354	7124405	5
chr14	75372536	75372587	2
chr17	76133559	76133610	2
chr16	85665857	85665908	6
chr5	141521251	141521302	6
chr6	20127124	20127175	5
chr11	76518608	76518659	2
chr15	51178295	51178345	7
chr1	238102019	238102069	7
chr4	87817061	87817111	7
chr16	66751084	66751135	5
chr9	127082749	127082800	2
chr10	93058160	93058211	2
chr8	66948888	66948939	5
chr2	235459333	235459384	2
chr9	36866975	36867025	1
chr1	66708529	66708580	5
chr3	63893897	63893948	2
chr8	27104949	27104999	7
chr19	11493621	11493671	7
chr5	78487456	78487506	7
chr8	25946320	25946370	7
chr16	50244603	50244654	5
chr4	8690046	8690096	3
chr2	47995193	47995244	5
chr20	22314962	22315013	5
chr6	36514840	36514890	7
chr1	39494324	39494375	5
chr21	16925597	16925648	5
chr2	48541478	48541528	3
chr17	34091229	34091280	5
chr9	104554452	104554502	1
chr5	142382768	142382819	2
chr4	184642634	184642684	7
chrX	7066378	7066428	4
chr14	93673451	93673501	1
chr7	83862198	83862248	7
chr3	5347233	5347283	7
chr17	78313169	78313220	5
chr14	24058348	24058399	2
chr12	122393825	122393876	5
chr7	77428602	77428652	1
chr6	51424037	51424087	3
chr6	73122078	73122129	5
chr14	99167172	99167222	7
chr2	219844667	219844717	7
chr1	201118691	201118742	2
chr8	94468441	94468492	2
chr7	28962405	28962456	2
chr3	52941667	52941717	3
chr16	66995136	66995186	3
chr8	80677614	80677665	2
chr12	13365176	13365227	5
chr5	53444038	53444088	0
chr16	56677511	56677561	3
chr11	8285508	8285559	2
chr5	140718185	140718235	0
chr3	62517339	62517389	7
chr10	79789383	79789434	2
chr22	22901686	22901737	2
chrX	118315610	118315660	7
chr10	134275376	134275426	1
chr16	78088109	78088160	5
chr7	18316225	18316275	7
chr4	131729830	131729880	7
chr11	3131509	3131560	5
chr17	75592640	75592690	8
chr14	25876120	25876170	7
chr9	137631134	137631185	5
chr15	23908524	23908574	3
chr4	169786304	169786355	6
chr2	152050202	152050253	6
chr4	5806505	5806555	7
chr4	107958567	107958617	1
chr1	45012613	45012663	0
chr5	38259015	38259065	8
chr4	184761548	184761599	5
chr15	70021662	70021713	5
chr4	163880413	163880464	2
chrUn_gl000212	127890	127940	7
chr17	17384589	17384639	0
chr4	94120904	94120955	5
chr22	41633699	41633750	2
chr17	70525662	70525713	5
chr4	69042414	69042465	5
chr2	48338451	48338502	2
chr3	119337803	119337853	1
chr10	31909399	31909449	7
chrX	77165986	77166037	5
chr17	45078652	45078703	5
chr2	206545044	206545094	3
chr8	140108725	140108776	2
chr3	53264126	53264176	7
chr4	86396164	86396215	6
chr1	89449696	89449746	7
chr8	144025115	144025165	7
chr10	72639943	72639994	5
chr18	67513001	67513051	7
chr7	50747123	50747173	7
chr4	78124923	78124974	5
chr13	40720383	40720434	5
chr9	115555669	115555720	2
chr10	25928746	25928797	5
chr9	73034709	73034759	1
chr2	65492362	65492413	2
chr5	172124669	172124719	7
chr12	52644210	52644261	6
chr2	227994679	227994729	7
chr7	78950608	78950659	6
chr3	674433	674484	2
chr1	11898878	11898929	2
chr19	5052653	5052703	8
chr3	89577053	89577104	5
chr3	70113501	70113551	7
chr13	32802566	32802617	2
chr15	75133594	75133645	6
chr1	183885270	183885321	2
chr4	184021097	184021147	8
chr11	64614783	64614833	3
chr18	74771653	74771704	2
chr10	45804376	45804426	7
chr2	20426371	20426422	6
chr1	1610493	1610544	2
chr1	229367589	229367639	7
chr2	50371593	50371644	5
chr6	49817443	49817494	5
chr17	70553228	70553279	5
chr7	51496090	51496140	7
chr7	149580653	149580704	5
chr16	81400110	81400161	2
chr3	148991096	148991147	5
chr17	10301814	10301864	4
chr6	38461889	38461939	7
chr3	110678370	110678420	7
chr1	22854546	22854596	7
chr4	17474129	17474179	7
chr17	11826091	11826141	7
chr2	155749006	155749056	0
chr3	150295811	150295862	5
chr7	1481248	1481298	3
chr7	96694456	96694507	2
chr17	69114372	69114423	2
chr17	64558464	64558514	4
chr16	24420544	24420594	1
chr11	72894009	72894060	6
chr6	125635455	125635505	3
chr10	113104756	113104806	7
chr6	42198164	42198215	2
chr2	12044384	12044434	8
chr6	88947976	88948027	5
chr16	1480940	1480990	4
chr9	137335320	137335371	2
chr19	36468521	36468572	5
chr11	64332894	64332944	7
chr3	68981814	68981864	3
chr3	136751430	136751480	7
chr1	38506328	38506379	5
chr7	1126692	1126743	2
chr10	74594155	74594206	2
chr1	220185791	220185841	7
chr12	109242202	109242252	1
chr3	128222099	128222150	5
chr8	38625968	38626018	7
chr20	412274	412325	2
chr3	178161563	178161614	5
chr4	42997520	42997571	5
chr20	44258309	44258360	2
chr16	48387630	48387681	5
chr1	7858518	7858568	7
chr5	137368109	137368159	8
chr4	149061863	149061914	5
chr13	103556173	103556223	7
chr12	56499077	56499127	1
chr8	10682998	10683048	7
chr1	1656115	1656166	5
chr6	14317608	14317659	6
chr10	78744735	78744786	2
chr11	46139568	46139619	2
chr3	109450906	109450956	7
chr8	105342306	105342357	6
chr1	9188783	9188833	8
chr11	67054214	67054264	7
chr4	6919508	6919558	0
chr14	56889481	56889532	2
chr14	22314616	22314667	2
chr2	40715318	40715369	5
chr3	64007838	64007888	4
chr5	59020499	59020550	2
chr8	103047806	103047856	1
chr2	112048193	112048243	1
chr1	232002575	232002626	2
chr15	97293752	97293802	3
chr20	61855940	61855990	8
chr10	49857872	49857923	6
chr11	115860817	115860868	6
chr1	51554309	51554360	2
chr5	92377670	92377721	5
chr9	140509185	140509235	8
chr16	70804679	70804729	1
chr9	111598679	111598729	7
chr17	31616141	31616191	7
chr15	77925988	77926039	2
chr10	121485114	121485164	8
chr4	104724112	104724163	5
chr19	39360621	39360672	2
chr12	44351711	44351762	5
chr5	17132793	17132844	5
chr17	41364064	41364115	6
chr3	53876964	53877014	1
chr8	99939197	99939247	3
chr8	21313645	21313696	5
chr7	105173083	105173133	1
chr19	6863741	6863792	2
chr14	74617806	74617857	5
chr9	35161994	35162044	8
chr2	97593632	97593682	3
chr2	46592183	46592234	2
chr4	87417420	87417470	7
chr10	81160388	81160439	2
chr17	4168000	4168050	8
chrX	99940841	99940892	2
chr1	89121543	89121593	7
chr16	157184	157235	2
chr2	163190658	163190709	2
chr18	864947	864997	7
chr6	68949077	68949128	5
chr3	150213528	150213578	7
chr7	51669312	51669363	5
chr15	60028562	60028612	7
chr9	107370789	107370839	7
chr2	63944288	63944339	6
chr17	59489969	59490019	3
chr8	99341233	99341284	5
chr1	15242010	15242061	2
chr9	92213190	92213241	2
chr1	228643566	228643617	2
chr20	7961401	7961452	5
chr9	90499116	90499166	8
chr2	86114916	86114966	8
chr9	136219033	136219083	7
chr9	140470520	140470570	7
chr11	47198995	47199046	5
chr2	20448167	20448217	0
chr8	140225723	140225774	2
chr14	96730438	96730488	8
chr16	11391738	11391788	0
chr16	89767975	89768026	2
chr1	156572666	156572716	3
chr9	137255413	137255463	8
chr7	150942693	150942744	2
chr8	128175997	128176047	0
chrUn_gl000212	101422	101472	8
chr5	74627581	74627631	7
chr7	115890177	115890228	5
chr7	26130730	26130781	5
chr17	50184172	50184223	2
chr12	54997135	54997186	2
chr19	45659904	45659954	3
chr10	4985112	4985162	4
chr20	50859335	50859386	5
chr6	16129115	16129166	2
chr10	4692952	4693002	0
chr15	70780528	70780579	2
chr11	44887648	44887699	5
chr4	10166620	10166671	5
chr1	67461898	67461949	2
chr8	33497853	33497904	5
chr5	140012986	140013036	0
chr1	241774467	241774518	2
chr16	34760753	34760804	5
chr12	93221714	93221764	3
chr22	37562716	37562767	2
chr7	132474159	132474209	1
chr1	45121377	45121428	5
chr19	46677285	46677335	7
chr15	75248637	75248688	2
chr12	116309626	116309676	0
chr3	169345731	169345781	0
chr10	17269428	17269478	8
chr15	88787274	88787324	3
chr22	22027955	22028005	1
chr4	147436357	147436407	7
chr1	151043240	151043291	2
chr12	101221838	101221888	7
chr9	140083408	140083458	1
chr4	55185236	55185286	7
chr8	13050636	13050687	5
chr2	134602017	134602068	2
chr12	48424103	48424154	5
chr9	115708072	115708122	8
chr4	47034803	47034854	5
chr11	76784446	76784496	8
chr12	52317346	52317397	2
chr2	72364752	72364802	7
chr15	91811886	91811936	8
chr4	185089727	185089778	5
chr1	36653469	36653519	7
chr3	14586473	14586523	7
chr7	149722348	149722399	2
chr3	79067853	79067903	3
chr15	102080909	102080960	5
chr9	86238524	86238574	3
chr2	216814853	216814904	5
chrX	93363141	93363192	5
chr8	101586373	101586423	7
chr11	117052150	117052201	5
chr9	93726696	93726747	2
chr15	100651652	100651702	1
chr11	101719167	101719218	2
chr14	30474496	30474547	5
chr1	212004149	212004200	2
chr17	59834004	59834055	2
chr14	106933791	106933842	5
chr11	2952089	2952140	2
chr9	71395191	71395242	6
chr2	136556523	136556574	5
chr12	62654063	62654113	1
chr5	172411435	172411485	7
chr1	184348648	184348699	2
chr8	101554501	101554552	5
chrX	129242816	129242866	4
chr16	70185457	70185507	7
chr1	49283354	49283405	5
chr7	24934640	24934691	2
chr11	71518858	71518908	7
chr6	130703050	130703100	1
chr21	47879107	47879157	8
chr2	178012020	178012070	7
chr17	75204650	75204700	3
chr1	222638715	222638765	3
chr9	135848125	135848176	2
chr14	32721455	32721505	7
chr1	110319613	110319664	5
chr17	7459044	7459095	5
chr13	46626763	46626813	4
chr1	118217811	118217861	3
chr5	30401761	30401812	2
chr18	51654319	51654370	5
chr14	23322799	23322850	5
chr1	6101668	6101719	5
chr9	136063777	136063828	5
chr16	11058030	11058080	7
chr2	25790449	25790500	5
chr1	222628626	222628677	2
chr9	136223804	136223854	7
chr14	90701847	90701898	2
chr8	142637023	142637074	5
chr14	37074829	37074880	5
chr3	54549630	54549681	6
chr2	214111572	214111622	7
chr8	127881781	127881832	2
chr7	155364550	155364600	8
chr9	140301594	140301644	7
chr17	48238992	48239043	2
chr10	83680149	83680200	5
chr10	115837864	115837915	2
chr2	8248239	8248289	3
chr15	21268061	21268111	8
chr14	23590126	23590177	2
chr9	1211626	1211676	3
chrX	16762288	16762338	7
chr7	38491598	38491649	5
chr9	140131050	140131101	2
chr17	42161740	42161790	7
chr3	15900458	15900508	0
chr2	72161175	72161226	2
chr14	50527783	50527833	8
chr9	69162053	69162104	6
chr1	222912183	222912234	2
chr5	318990	319041	6
chr15	41988377	41988428	5
chr5	72512429	72512479	1
chr21	43166354	43166404	1
chr17	26821881	26821932	2
chr14	40173941	40173992	2
chr9	21789585	21789636	5
chr7	65878791	65878842	2
chr4	83476615	83476666	6
chr6	130073151	130073202	2
chr17	10261238	10261289	2
chr1	156163824	156163875	2
chr22	19418553	19418603	7
chr15	45722632	45722683	2
chr16	55978358	55978409	2
chr21	44922513	44922563	3
chr7	84544091	84544141	7
chr6	87646932	87646983	2
chr14	105399888	105399939	2
chr11	62537421	62537471	1
chr6	123003032	123003083	5
chr13	111868736	111868787	5
chr18	44576922	44576973	5
chr6	26253654	26253704	3
chr21	44274974	44275024	8
chr2	72533044	72533094	0
chr12	130663907	130663957	3
chr8	92355935	92355986	2
chr14	22675279	22675329	4
chr6	24283333	24283384	2
chr12	97160170	97160221	6
chr17	73717573	73717623	8
chr7	35560000	35560051	2
chr1	113616268	113616319	6
chr7	89400568	89400618	3
chr12	48264425	48264476	2
chr17	76967520	76967571	5
chr2	177517218	177517269	2
chr12	49736356	49736407	2
chr13	51644252	51644303	5
chr19	8590332	8590382	8
chr9	94422151	94422202	6
chr11	1536885	1536936	2
chr2	180942209	180942259	7
chr14	100773519	100773570	6
chr10	130459177	130459227	7
chr14	66826311	66826362	2
chr8	79305827	79305877	7
chr7	31174238	31174288	7
chr17	530574	530624	3
chr11	22174457	22174508	5
chr20	3869939	3869989	3
chr14	22179755	22179806	2
chr12	26427576	26427627	5
chrX	125132565	125132615	7
chr8	134508803	134508854	5
chr15	40602386	40602437	5
chr3	94312547	94312598	2
chr8	140663579	140663629	8
chr2	110493975	110494026	2
chr7	2103606	2103657	5
chr4	6649785	6649835	1
chr12	53738817	53738868	5
chr1	165227328	165227379	2
chr2	950282	950332	8
chrX	149533773	149533823	1
chr5	67542805	67542856	5
chr15	94774552	94774602	8
chr15	33494234	33494284	1
chr22	19667270	19667321	2
chr10	15251994	15252045	2
chr6	145535797	145535848	5
chr5	16741140	16741190	8
chr13	101404305	101404355	8
chr1	17011371	17011421	0
chr22	40907642	40907693	6
chr14	54947699	54947749	0
chr5	171339308	171339359	2
chr20	43571027	43571077	7
chr18	55626640	55626691	5
chr2	168148953	168149003	8
chr5	102918219	102918269	0
chr11	94630601	94630651	7
chr2	55646960	55647010	1
chrX	47886173	47886224	2
chrX	137008430	137008481	2
chr4	102977008	102977059	6
chr17	63452216	63452267	2
chr12	25726339	25726390	6
chr5	2810887	2810937	4
chr2	27844451	27844501	8
chr1	110331608	110331658	7
chr18	2121388	2121438	3
chr6	53593546	53593597	2
chr5	92174135	92174186	5
chr17	72984256	72984306	3
chr5	76814324	76814375	2
chr15	68675936	68675986	7
chr1	152365418	152365469	5
chr3	87309504	87309555	2
chr15	57372653	57372703	1
chr3	43732011	43732061	3
chr18	29137598	29137648	3
chr14	33901784	33901835	5
chr3	15546675	15546726	2
chr8	64303881	64303931	4
chr14	79314749	79314800	2
chr12	76953405	76953455	8
chr7	39620171	39620221	7
chr13	36662487	36662537	8
chr2	46525979	46526029	8
chr4	166033775	166033826	6
chr5	161675221	161675271	7
chr12	98520619	98520669	8
chr11	115375256	115375307	5
chr12	38536955	38537005	7
chr9	132391084	132391134	3
chr3	155577840	155577890	7
chr20	52816478	52816528	8
chr2	178589562	178589613	2
chr7	12725333	12725383	1
chr5	136227037	136227087	7
chr15	37974595	37974646	6
chr2	171785634	171785685	2
chr14	81053538	81053588	7
chr7	93906299	93906350	5
chr14	36538852	36538903	5
chr3	53879705	53879755	3
chr4	75177591	75177642	5
chr3	75343532	75343582	0
chr22	26419635	26419685	3
chr14	52510560	52510611	5
chr4	78539963	78540014	2
chr3	112250341	112250392	2
chr1	225960162	225960213	5
chr15	49103907	49103957	8
chr1	39724484	39724534	7
chr6	1644535	1644586	5
chr11	79150987	79151037	8
chr5	176212931	176212981	3
chr5	138677435	138677485	7
chr7	130675973	130676024	6
chr1	207108994	207109045	5
chr12	65091967	65092018	2
chr7	35664353	35664403	7
chr1	114521541	114521592	2
chr10	52697460	52697510	7
chr3	108381161	108381212	2
chr12	50368110	50368161	2
chr4	153656646	153656697	5
chr6	42515477	42515528	2
chr2	31360946	31360996	3
chr5	32329629	32329680	5
chr5	61927964	61928015	2
chr8	65608318	65608368	7
chr2	86252425	86252476	6
chr13	20501428	20501478	7
chr3	89098425	89098475	7
chr10	9117547	9117598	5
chr12	94942158	94942209	6
chr18	9859442	9859492	1
chr15	51981252	51981302	8
chr15	62765136	62765186	1
chr12	46466069	46466119	7
chr21	35747938	35747988	3
chr7	133701595	133701646	2
chr2	208339783	208339834	5
chr5	153900645	153900696	2
chr14	22669165	22669216	5
chr7	38579733	38579783	8
chr17	74393461	74393512	2
chr5	113785748	113785799	5
chr10	71674564	71674615	2
chr5	146889548	146889598	4
chr6	88639679	88639730	2
chr18	43460080	43460131	5
chrX	10087785	10087836	2
chr7	21762127	21762177	3
chrX	133160890	133160940	7
chr8	142938083	142938133	3
chr2	66487529	66487580	5
chr7	100926422	100926473	2
chr6	146864574	146864625	2
chr7	13072302	13072353	5
chr16	75285345	75285396	5
chr6	131520973	131521024	2
chr2	25500214	25500264	4
chrX	143671937	143671987	3
chr11	106177853	106177904	5
chr19	45665449	45665499	7
chr12	129015924	129015975	6
chr7	149757750	149757801	5
chr1	43222805	43222855	7
chr1	182374040	182374090	4
chr15	68522541	68522591	7
chr4	26721747	26721797	7
chr11	67043566	67043617	6
chr5	57756721	57756772	5
chr10	43844064	43844115	2
chr10	107935705	107935756	5
chr20	48687872	48687922	1
chr15	49931124	49931174	3
chr16	48151529	48151580	2
chr2	172580894	172580944	7
chr16	572112	572163	6
chr8	143210385	143210435	1
chr4	75973568	75973618	8
chr1	70902431	70902482	5
chr16	4526463	4526513	3
chr15	76044881	76044931	7
chr1	178743570	178743621	5
chr12	128258188	128258238	7
chr4	99977353	99977404	5
chr2	160041993	160042044	2
