Modes: 7
Features: 4
Sequences: 2000
Motif: 0
76	33	11	23
11	66	19	47
81	1	51	10
6	44	88	5
4	75	4	60
4	0	117	22
6	137	0	0
0	140	0	3
63	73	1	6
0	102	4	37
6	134	0	3
11	17	7	108
Motif: 1
23	172	38	75
42	17	166	83
25	223	40	20
2	292	0	14
100	164	13	31
1	205	10	92
5	300	0	3
5	25	1	277
135	10	136	27
2	87	211	8
64	18	6	220
0	0	305	3
12	18	256	22
Motif: 2
63	3	13	100
2	35	130	12
58	0	10	111
14	1	45	119
12	6	110	51
87	41	37	14
23	55	6	95
29	22	12	116
7	90	1	81
91	4	1	83
24	20	134	1
56	44	25	54
Motif: 3
9	153	28	47
56	14	0	167
3	32	134	68
17	146	4	70
0	233	2	2
33	80	1	123
3	147	2	85
15	134	3	85
39	12	27	159
23	90	95	29
30	182	0	25
46	82	0	109
Motif: 4
2	3	0	489
153	3	338	0
0	0	0	494
1	0	40	453
0	0	147	347
452	5	30	7
6	429	0	59
257	38	6	193
57	137	48	252
218	22	48	206
Motif: 5
42	58	54	90
23	55	44	122
0	28	0	216
74	0	170	0
0	0	4	240
0	7	0	237
2	0	18	224
106	1	136	1
1	136	2	105
18	39	8	179
14	40	33	157
80	23	14	127
Motif: 6
23	154	182	36
22	148	0	225
37	6	316	36
37	346	5	7
4	383	0	8
176	210	3	6
0	196	2	197
0	395	0	0
22	24	3	346
155	17	152	71
14	130	235	16
42	31	4	318
3	0	392	0
22	15	335	23
54	171	35	135
Posreads: 0
52.000000	91.000000
56.000000	87.000000
68.000000	75.000000
64.000000	79.000000
50.000000	93.000000
Posreads: 1
127.000000	181.000000
200.000000	108.000000
177.000000	131.000000
201.000000	107.000000
178.000000	130.000000
Posreads: 2
108.000000	71.000000
122.000000	57.000000
100.000000	79.000000
108.000000	71.000000
107.000000	72.000000
Posreads: 3
170.000000	67.000000
166.000000	71.000000
184.000000	53.000000
131.000000	106.000000
195.000000	42.000000
Posreads: 4
308.000000	186.000000
125.000000	369.000000
176.000000	318.000000
262.000000	232.000000
327.000000	167.000000
Posreads: 5
212.000000	32.000000
208.000000	36.000000
226.000000	18.000000
188.000000	56.000000
123.000000	121.000000
Posreads: 6
168.000000	227.000000
157.000000	238.000000
155.000000	240.000000
156.000000	239.000000
155.000000	240.000000
Negreads: 0
106.000000	37.000000
87.000000	56.000000
101.000000	42.000000
96.000000	47.000000
116.000000	27.000000
Negreads: 1
202.000000	106.000000
243.000000	65.000000
231.000000	77.000000
204.000000	104.000000
218.000000	90.000000
Negreads: 2
177.000000	2.000000
175.000000	4.000000
177.000000	2.000000
179.000000	0.000000
166.000000	13.000000
Negreads: 3
229.000000	8.000000
236.000000	1.000000
210.000000	27.000000
237.000000	0.000000
222.000000	15.000000
Negreads: 4
388.000000	106.000000
335.000000	159.000000
317.000000	177.000000
363.000000	131.000000
404.000000	90.000000
Negreads: 5
219.000000	25.000000
195.000000	49.000000
208.000000	36.000000
209.000000	35.000000
198.000000	46.000000
Negreads: 6
192.000000	203.000000
183.000000	212.000000
148.000000	247.000000
174.000000	221.000000
187.000000	208.000000
Mode sequence counts
0	143
1	308
2	179
3	237
4	494
5	244
6	395
Motif widths 
0	12
1	13
2	12
3	12
4	10
5	12
6	15
Positive strand read widths 
0	5
1	5
2	5
3	5
4	5
5	5
6	5
Negative strand read widths 
0	5
1	5
2	5
3	5
4	5
5	5
6	5
Relative distances
0	10	22
1	9	21
2	9	21
3	10	21
4	9	18
5	10	18
6	7	27
Alpha: 0.500000
Pseudo count for reads
1.000000	1.000000
