Modes: 4
Features: 4
Sequences: 2000
Motif: 0
31	218	48	75
69	73	2	228
25	41	199	107
23	259	20	70
3	363	2	4
113	131	4	124
0	237	30	105
16	229	0	127
87	22	42	221
51	188	118	15
42	287	1	42
65	116	0	191
Motif: 1
49	32	1	283
93	46	226	0
5	0	16	344
3	7	25	330
1	1	47	316
121	37	198	9
36	162	4	163
34	38	0	293
27	70	11	257
133	10	0	222
65	47	110	143
59	115	97	94
Motif: 2
45	320	23	324
82	14	509	107
65	589	29	29
6	688	1	17
284	390	6	32
3	401	5	303
6	705	0	1
28	58	5	621
295	33	282	102
20	227	444	21
103	44	10	555
2	0	700	10
38	35	589	50
125	294	81	212
Motif: 3
3	0	0	548
165	2	384	0
0	1	1	549
4	0	45	502
0	0	153	398
500	0	43	8
3	471	2	75
257	51	13	230
67	154	66	264
258	34	49	210
Posreads: 0
248.000000	124.000000
243.000000	129.000000
291.000000	81.000000
227.000000	145.000000
281.000000	91.000000
Posreads: 1
283.000000	82.000000
244.000000	121.000000
308.000000	57.000000
312.000000	53.000000
304.000000	61.000000
Posreads: 2
358.000000	354.000000
337.000000	375.000000
337.000000	375.000000
329.000000	383.000000
340.000000	372.000000
Posreads: 3
338.000000	213.000000
132.000000	419.000000
223.000000	328.000000
307.000000	244.000000
382.000000	169.000000
Negreads: 0
354.000000	18.000000
355.000000	17.000000
367.000000	5.000000
364.000000	8.000000
352.000000	20.000000
Negreads: 1
350.000000	15.000000
348.000000	17.000000
351.000000	14.000000
338.000000	27.000000
332.000000	33.000000
Negreads: 2
446.000000	266.000000
445.000000	267.000000
422.000000	290.000000
391.000000	321.000000
371.000000	341.000000
Negreads: 3
431.000000	120.000000
376.000000	175.000000
355.000000	196.000000
408.000000	143.000000
441.000000	110.000000
Mode sequence counts
0	372
1	365
2	712
3	551
Motif widths 
0	12
1	12
2	14
3	10
Positive strand read widths 
0	5
1	5
2	5
3	5
Negative strand read widths 
0	5
1	5
2	5
3	5
Relative distances
0	10	22
1	9	23
2	8	24
3	9	18
Alpha: 0.500000
Pseudo count for reads
1.000000	1.000000
