Modes: 1
Features: 4
Sequences: 2000
Motif: 0
163	130	96	1611
496	206	1298	0
120	137	94	1649
14	67	226	1693
23	69	648	1260
1071	347	467	115
35	1517	26	422
668	273	33	1026
268	532	264	936
680	243	222	855
Posreads: 0
1599.000000	401.000000
1326.000000	674.000000
951.000000	1049.000000
1158.000000	842.000000
1299.000000	701.000000
Negreads: 0
1661.000000	339.000000
1711.000000	289.000000
1791.000000	209.000000
1796.000000	204.000000
1739.000000	261.000000
Mode sequence counts
0	2000
Motif widths 
0	10
Positive strand read widths 
0	5
Negative strand read widths 
0	5
Relative distances
0	10	21
Alpha: 0.500000
Pseudo count for reads
1.000000	1.000000
