Modes: 5
Features: 4
Sequences: 2000
Motif: 0
191	39	23	206
250	34	113	62
212	7	40	200
73	0	382	4
16	39	0	404
325	134	0	0
433	26	0	0
458	0	1	0
0	285	0	174
423	0	15	21
Motif: 1
51	341	17	28
6	431	0	0
324	10	39	64
16	256	147	18
52	173	27	185
387	5	24	21
2	0	433	2
208	3	223	3
3	12	258	164
7	0	426	4
10	5	385	37
49	355	1	32
242	0	179	16
28	220	165	24
Motif: 2
193	12	96	95
184	53	140	19
320	0	63	13
163	0	150	83
0	263	133	0
288	97	0	11
302	83	11	0
340	5	45	6
3	141	191	61
301	4	61	30
Motif: 3
42	200	44	123
64	25	239	81
32	310	49	18
3	386	0	20
172	184	5	48
0	265	17	127
0	406	0	3
15	47	0	347
153	10	176	70
0	150	245	14
73	29	11	296
0	0	394	15
15	40	347	7
60	200	32	117
Motif: 4
0	0	1	298
55	1	243	0
0	3	0	296
7	0	27	265
0	0	66	233
228	9	62	0
5	231	1	62
129	27	3	140
19	89	47	144
132	19	28	120
Posreads: 0
395.000000	64.000000
419.000000	40.000000
407.000000	52.000000
397.000000	62.000000
432.000000	27.000000
Posreads: 1
189.000000	248.000000
234.000000	203.000000
230.000000	207.000000
220.000000	217.000000
261.000000	176.000000
Posreads: 2
360.000000	36.000000
369.000000	27.000000
352.000000	44.000000
383.000000	13.000000
392.000000	4.000000
Posreads: 3
233.000000	176.000000
256.000000	153.000000
291.000000	118.000000
269.000000	140.000000
315.000000	94.000000
Posreads: 4
147.000000	152.000000
45.000000	254.000000
110.000000	189.000000
134.000000	165.000000
146.000000	153.000000
Negreads: 0
399.000000	60.000000
332.000000	127.000000
242.000000	217.000000
201.000000	258.000000
360.000000	99.000000
Negreads: 1
148.000000	289.000000
148.000000	289.000000
171.000000	266.000000
172.000000	265.000000
190.000000	247.000000
Negreads: 2
361.000000	35.000000
379.000000	17.000000
316.000000	80.000000
353.000000	43.000000
369.000000	27.000000
Negreads: 3
278.000000	131.000000
317.000000	92.000000
323.000000	86.000000
334.000000	75.000000
323.000000	86.000000
Negreads: 4
193.000000	106.000000
191.000000	108.000000
142.000000	157.000000
116.000000	183.000000
194.000000	105.000000
Mode sequence counts
0	459
1	437
2	396
3	409
4	299
Motif widths 
0	10
1	14
2	10
3	14
4	10
Positive strand read widths 
0	5
1	5
2	5
3	5
4	5
Negative strand read widths 
0	5
1	5
2	5
3	5
4	5
Relative distances
0	7	19
1	10	22
2	12	20
3	10	21
4	9	17
Alpha: 0.500000
Pseudo count for reads
1.000000	1.000000
