chr20	21284556	21284606	3
chr9	84300909	84300959	0
chr11	12520761	12520811	0
chr9	97681871	97681921	0
chr16	89638762	89638812	2
chr12	49785906	49785956	0
chr20	34195513	34195563	3
chr7	26693417	26693467	2
chr5	90354604	90354654	0
chr7	138144481	138144531	3
chr5	140372655	140372705	3
chr12	54560474	54560524	0
chr5	55575952	55576002	3
chr15	66944773	66944823	0
chr7	73879389	73879439	3
chr7	20784514	20784564	3
chr12	71105719	71105769	3
chr17	29836009	29836060	4
chr20	50331809	50331859	0
chr15	71185474	71185524	1
chr3	16939225	16939275	3
chr18	75414696	75414746	0
chr2	12190631	12190682	4
chr10	121855678	121855729	4
chr5	150226832	150226882	5
chr6	55692594	55692644	3
chr7	108493837	108493887	0
chr7	19891286	19891337	4
chr7	75719145	75719195	3
chr3	12894874	12894925	4
chr19	13733642	13733692	0
chr21	16920062	16920112	3
chr17	43978587	43978638	4
chr8	132378240	132378290	3
chr14	73393032	73393082	0
chr20	14859834	14859884	0
chr5	14664210	14664260	2
chr5	127457590	127457640	2
chr6	108533012	108533062	0
chr17	59277023	59277074	4
chr20	44501463	44501513	2
chr6	42420511	42420561	3
chr1	95561484	95561535	4
chr2	236504236	236504286	1
chr3	72987946	72987996	3
chr16	12009894	12009944	2
chr16	68001389	68001439	2
chr3	124505772	124505822	0
chr6	132147318	132147368	0
chr8	224454	224504	0
chr6	15390712	15390762	1
chr6	126385908	126385958	0
chr9	15511334	15511384	2
chr12	111142708	111142758	1
chr1	116991644	116991695	4
chr17	57518313	57518363	1
chr15	41310833	41310883	3
chr9	115090528	115090578	0
chr17	76870191	76870242	4
chr1	151696322	151696372	0
chr11	84669447	84669497	0
chr5	117475255	117475305	0
chr15	40347576	40347626	5
chr1	217598414	217598464	0
chr12	14667343	14667393	1
chr10	126713373	126713424	4
chr13	109747497	109747547	0
chr12	123402263	123402313	0
chr3	94678204	94678254	2
chr8	101707579	101707629	0
chr5	71228714	71228764	5
chr7	157028874	157028924	3
chr8	99411381	99411431	0
chr9	112852334	112852384	2
chr11	61739267	61739317	0
chr2	36981948	36981998	0
chr7	30375847	30375897	3
chr21	40185491	40185541	3
chr6	13726026	13726077	4
chr16	73301198	73301248	0
chr1	168876408	168876458	0
chr3	118817636	118817686	1
chr8	102600146	102600196	0
chr1	223174266	223174316	3
chr1	27029074	27029124	3
chr20	14035950	14036000	5
chr2	44683223	44683273	3
chr6	1243738	1243788	0
chr15	89714875	89714925	1
chr2	75120290	75120340	0
chr15	83954997	83955048	4
chr1	222763104	222763155	4
chr14	35874650	35874700	0
chr5	1010342	1010392	3
chrX	22693247	22693297	3
chr1	113248086	113248136	3
chr21	45554719	45554769	0
chr2	6056277	6056327	0
chr1	152025192	152025242	1
chr12	58119974	58120024	1
chr7	83278408	83278458	0
chr2	55052175	55052225	0
chr6	107830755	107830805	3
chr14	26092119	26092169	0
chr10	101039357	101039407	0
chr2	40478429	40478479	0
chr14	89704462	89704512	0
chr1	109354617	109354667	0
chr6	149564215	149564265	0
chr8	105089925	105089975	0
chr7	44078969	44079019	0
chr7	99601735	99601785	0
chr5	114709923	114709973	5
chr12	56553325	56553375	0
chr7	112023534	112023584	3
chr19	43702982	43703032	5
chrX	100150515	100150565	1
chr10	72895046	72895096	3
chr6	11428317	11428367	0
chr4	3673741	3673791	0
chr6	131687537	131687587	0
chr11	78808703	78808753	3
chr1	26448646	26448696	0
chr20	18964588	18964638	0
chr2	221092322	221092372	0
chr3	32086956	32087006	0
chr1	168596795	168596845	0
chr14	34770511	34770561	5
chr6	119805923	119805973	2
chr17	41985546	41985596	3
chr19	46172430	46172480	2
chr11	34078704	34078754	3
chr14	55894186	55894236	0
chr5	61988421	61988471	3
chr2	163846166	163846216	2
chr4	106009778	106009828	3
chr8	102769352	102769402	0
chr7	40772989	40773039	3
chr2	100190695	100190745	3
chr12	107368437	107368487	0
chr1	85680585	85680635	0
chr21	36702398	36702448	0
chr10	52548852	52548902	1
chr9	80659191	80659241	3
chr12	107038828	107038878	3
chr3	15797477	15797527	0
chrX	24168261	24168311	0
chr1	193075177	193075227	0
chr11	68530741	68530791	2
chr5	78489709	78489759	2
chr14	34551187	34551237	0
chr1	217139786	217139836	0
chr10	111896965	111897015	5
chr9	35180117	35180167	0
chr8	134885483	134885534	4
chr8	42350030	42350081	4
chr12	56915495	56915545	3
chr16	79338152	79338202	2
chr11	65309337	65309387	0
chr11	29365443	29365493	5
chr2	58109156	58109207	4
chr15	64978491	64978541	1
chr5	123932812	123932862	3
chr21	41690880	41690930	2
chr8	73232210	73232260	1
chr3	195101870	195101920	0
chr17	60130345	60130395	3
chr7	36077044	36077094	0
chr6	1296362	1296412	3
chr8	126540878	126540928	0
chr5	100226215	100226265	2
chr7	27573985	27574035	0
chr8	86879133	86879183	0
chr2	218231599	218231649	3
chr11	115040692	115040742	0
chr15	94791679	94791729	3
chr4	75240627	75240678	4
chr9	15135278	15135328	0
chr6	55607428	55607478	0
chr1	206904333	206904383	0
chr21	27498406	27498456	0
chr9	92218211	92218261	0
chr7	45283569	45283619	3
chr2	240737740	240737790	0
chr16	73077764	73077814	0
chr2	11857012	11857062	0
chr6	134935994	134936044	3
chr12	52348927	52348977	2
chr3	72475750	72475800	0
chr15	99421037	99421087	0
chr10	49571725	49571775	5
chr2	49253787	49253837	0
chr3	185826999	185827049	0
chr15	99322989	99323039	5
chr7	116062521	116062571	0
chr5	150513960	150514010	0
chr9	84219866	84219916	3
chr9	72004798	72004848	5
chr8	102648325	102648375	0
chr4	89066317	89066367	0
chr2	43265683	43265734	4
chr15	73668414	73668464	5
chr4	14881584	14881634	3
chr17	61671310	61671361	4
chr2	213992475	213992525	0
chrX	130809982	130810032	0
chr12	109715918	109715968	2
chr18	70986265	70986315	3
chr2	158682433	158682484	4
chr15	99029169	99029219	0
chr11	46920423	46920473	3
chr18	9639193	9639243	3
chrX	139994932	139994982	3
chr20	56812285	56812335	1
chr12	99047851	99047901	1
chr3	123347269	123347319	0
chr17	73804906	73804956	2
chr7	132515496	132515547	4
chr2	18061286	18061336	0
chr22	30084083	30084133	0
chr17	79031399	79031450	4
chr2	226861036	226861086	3
chr2	39821051	39821101	1
chr17	62224792	62224842	0
chr8	81279257	81279307	3
chr6	617663	617713	5
chr12	76338359	76338409	2
chr3	177800493	177800543	1
chrX	17513447	17513497	3
chr7	26728121	26728171	3
chr1	172154411	172154461	0
chr4	7863227	7863277	0
chr8	134632637	134632687	3
chr12	13280491	13280541	0
chr7	8054230	8054280	0
chr2	43454394	43454444	0
chr7	75698575	75698625	2
chr7	103032709	103032759	2
chr3	145890533	145890583	3
chr15	73092995	73093046	4
chr2	17003168	17003218	0
chrX	67708724	67708774	3
chr22	34371974	34372024	2
chr1	2718290	2718340	0
chr2	72431627	72431677	0
chr6	142622097	142622147	2
chr11	9110931	9110981	0
chr17	38771720	38771770	3
chrX	119883199	119883249	2
chr17	59800939	59800989	0
chr9	131258188	131258238	5
chr12	123069181	123069231	0
chr10	8799878	8799928	0
chr9	136242042	136242092	2
chr14	85940493	85940543	0
chr14	52899440	52899490	0
chr11	82782890	82782940	5
chr15	85473391	85473442	4
chr12	75374528	75374579	4
chr13	26552449	26552499	3
chr14	21159095	21159145	2
chr15	64455564	64455614	3
chrX	100858396	100858446	0
chr5	139944141	139944191	3
chr6	13456163	13456213	0
chr14	64010013	64010063	0
chr2	11653032	11653082	2
chr7	98520522	98520572	0
chr14	57046190	57046240	5
chr14	70133474	70133524	3
chr6	100564918	100564968	3
chr19	18633503	18633553	5
chr6	75994928	75994978	3
chr9	130659635	130659685	3
chr9	5203222	5203272	0
chr20	61164991	61165041	3
chr18	33077951	33078002	4
chr8	108199714	108199764	3
chr21	46221859	46221909	2
chr5	139641096	139641146	0
chr5	132580153	132580203	3
chr6	90085375	90085425	1
chr2	186667860	186667910	0
chr3	178865089	178865139	1
chr8	101730259	101730309	0
chr6	165325024	165325074	3
chr2	27825286	27825336	3
chr8	69611631	69611682	4
chr6	105720663	105720713	3
chr16	3086296	3086346	3
chr7	92835207	92835257	3
chr7	105471007	105471058	4
chr1	186632002	186632052	0
chr19	45927090	45927140	5
chr18	34879603	34879653	0
chr1	42347925	42347975	5
chr14	49945677	49945727	3
chr6	22288075	22288125	0
chr6	126375763	126375813	3
chr8	74226437	74226488	4
chr17	66288656	66288706	0
chr11	72889264	72889314	1
chr5	78831571	78831621	0
chr22	34261315	34261365	3
chr14	102675644	102675695	4
chr13	111152339	111152389	2
chrX	81213515	81213565	5
chr22	29214729	29214779	0
chr20	24998229	24998279	0
chr14	33296113	33296163	1
chr2	33500891	33500941	0
chr2	215285217	215285268	4
chr7	7996553	7996603	3
chr7	44455455	44455505	3
chr5	159743114	159743164	2
chr12	132345413	132345464	4
chr16	65792624	65792675	4
chr14	71570756	71570806	1
chr12	132319900	132319950	2
chr7	132920169	132920219	3
chr12	53024704	53024754	3
chr6	22249319	22249369	3
chr8	89564470	89564520	3
chr16	68670004	68670054	0
chr3	159500941	159500991	3
chr2	150771655	150771706	4
chr3	64228244	64228294	2
chr1	68316599	68316649	2
chr3	65675235	65675285	5
chr7	112102341	112102391	0
chr8	125985483	125985534	4
chr4	184424808	184424858	0
chr1	108068746	108068796	3
chr6	17600453	17600503	5
chr19	56732774	56732824	3
chr12	52637970	52638020	0
chr10	70286592	70286642	3
chr14	32667463	32667514	4
chr10	29607282	29607332	0
chr7	44529581	44529631	2
chr2	74056019	74056069	3
chr21	41686251	41686301	2
chr1	166810419	166810469	3
chr6	149382313	149382363	3
chr12	13214932	13214982	0
chr6	1325978	1326028	0
chr8	104148522	104148573	4
chr8	100812311	100812361	0
chr1	164559648	164559698	0
chr21	17221136	17221186	0
chr3	129427271	129427321	3
chr17	26662467	26662517	0
chr19	38827973	38828024	4
chr21	43729158	43729208	1
chr11	119275752	119275803	4
chr4	89688228	89688278	3
chr2	33637021	33637071	0
chr7	153529399	153529449	5
chr4	31195315	31195366	4
chr10	34130744	34130794	0
chr10	35146926	35146976	0
chr21	40279207	40279257	0
chr6	150451128	150451178	0
chr10	36998462	36998512	0
chr20	55017044	55017094	3
chr3	141345912	141345962	0
chr1	185286857	185286908	4
chr3	30559943	30559993	3
chr12	69393807	69393858	4
chr8	126021491	126021541	0
chr16	30773436	30773486	2
chr7	103798113	103798164	4
chr5	67095740	67095790	3
chr2	184113893	184113943	0
chr11	46848281	46848332	4
chr12	77558490	77558541	4
chr7	33762496	33762546	0
chr16	82538909	82538959	0
chr9	3699938	3699988	0
chr9	132373497	132373547	1
chr12	67479549	67479599	0
chr12	67988818	67988868	0
chr13	82843635	82843685	2
chr8	38617700	38617750	3
chr20	59878935	59878985	3
chr1	193155117	193155167	0
chr1	155618461	155618511	1
chr15	64916085	64916135	0
chr7	142551690	142551740	3
chr16	931253	931303	3
chr17	56052996	56053046	0
chr2	188411781	188411831	0
chr9	107554272	107554322	0
chr9	89178315	89178365	0
chr13	95923712	95923762	3
chr12	6560703	6560753	3
chr10	76951994	76952044	0
chr5	132610365	132610415	3
chr4	36245257	36245307	0
chr2	237953271	237953321	0
chr17	56595715	56595765	2
chr4	141678035	141678085	2
chr11	89982919	89982969	0
chr13	96366871	96366921	0
chr16	2794963	2795013	3
chr3	79700632	79700683	4
chr1	7551337	7551387	0
chr21	16235834	16235885	4
chr1	178506073	178506123	3
chr14	100659261	100659311	1
chr12	123373089	123373140	4
chr1	108661386	108661437	4
chr2	230931857	230931907	1
chr14	96811075	96811125	3
chr7	31593486	31593536	2
chr12	97791195	97791245	3
chr15	81097663	81097713	0
chr13	50940474	50940524	3
chrX	84747855	84747905	0
chr9	115267952	115268002	3
chr2	71127311	71127361	0
chr7	50623750	50623800	3
chr4	687191	687241	0
chr12	92997200	92997250	0
chr6	6662034	6662084	0
chr16	73912699	73912749	1
chr18	47827863	47827913	0
chr5	141977832	141977882	2
chr16	64512445	64512495	2
chr14	52031840	52031890	0
chr3	146400176	146400226	2
chr1	209981662	209981712	3
chr20	46083941	46083992	4
chr3	129204793	129204844	4
chr4	77491701	77491751	0
chr6	12331786	12331836	3
chr21	40454947	40454997	3
chr17	8572710	8572760	0
chr12	124773757	124773807	3
chr11	46384562	46384612	2
chr1	96630349	96630399	3
chr12	50262941	50262991	5
chr6	36302930	36302980	0
chr4	25146663	25146713	5
chr1	206912466	206912516	1
chr13	73677468	73677518	3
chr6	82547864	82547914	3
chrX	96401142	96401192	0
chr2	121049099	121049150	4
chr21	27488806	27488856	0
chr15	99882112	99882162	2
chr6	93004138	93004188	0
chr1	180575184	180575234	3
chr2	54817208	54817259	4
chr7	134129095	134129145	3
chr11	81961254	81961304	0
chr2	203503998	203504049	4
chr10	573515	573566	4
chr4	176458177	176458227	1
chr19	42800353	42800403	1
chr5	141887785	141887835	0
chr7	107842349	107842399	0
chr1	197520836	197520886	0
chr20	55362833	55362883	3
chr6	166303733	166303783	5
chr14	94121584	94121634	1
chr14	69126132	69126182	3
chr12	100948651	100948701	0
chr8	124706152	124706202	1
chr12	38710366	38710416	2
chr1	220595727	220595777	0
chr3	24493303	24493353	3
chr16	23373958	23374008	0
chr18	60382425	60382475	3
chr21	43809893	43809943	3
chr3	25484125	25484175	0
chr1	144941431	144941481	0
chr7	105305413	105305463	0
chr17	65180130	65180180	3
chr8	109260965	109261015	2
chr2	233102991	233103041	3
chr21	38012750	38012800	3
chr3	13319579	13319629	0
chr3	167505440	167505490	0
chr3	4040012	4040062	5
chr7	106875713	106875763	3
chr16	48269796	48269847	4
chr16	90110620	90110670	0
chr17	39933974	39934024	3
chr3	127716964	127717014	0
chr3	160746709	160746760	4
chr2	64069875	64069925	3
chr11	116611782	116611832	2
chr7	12623773	12623823	0
chr6	55268112	55268162	3
chr8	17396423	17396473	2
chr6	125906204	125906254	0
chr6	39265979	39266029	0
chr13	31665420	31665470	3
chr7	1308554	1308604	0
chr5	95130043	95130093	3
chr10	76782214	76782264	1
chr1	151467216	151467266	2
chr17	65437528	65437578	0
chr19	38795749	38795800	4
chr3	23136769	23136819	0
chr4	153528100	153528150	3
chr2	134081756	134081806	3
chr9	102784454	102784504	3
chr10	29311653	29311703	0
chr12	44359348	44359398	0
chr12	79941300	79941350	0
chr8	116215911	116215961	0
chr3	46977071	46977121	0
chr5	139927275	139927326	4
chr9	80263809	80263859	3
chr2	55334720	55334770	0
chr19	10676662	10676712	2
chr12	33560213	33560263	0
chr3	150285929	150285980	4
chr12	80710306	80710357	4
chr1	183232071	183232121	3
chr4	78739316	78739366	0
chr12	18634392	18634442	0
chr10	32576981	32577031	0
chr21	41712412	41712462	0
chr20	18700574	18700625	4
chr1	27480046	27480097	4
chr6	82519379	82519429	3
chr5	172882953	172883003	3
chr8	98594895	98594945	5
chr20	62274010	62274061	4
chr5	75680086	75680136	0
chr11	34754577	34754627	0
chr8	30580583	30580633	2
chr20	58509203	58509253	1
chr16	17410026	17410076	0
chr15	74753463	74753513	0
chr4	146772809	146772859	0
chr2	235935805	235935855	0
chr3	182163365	182163415	0
chr7	359027	359077	0
chr3	15367677	15367727	0
chr10	110151142	110151192	2
chr15	75682281	75682331	0
chr19	17438591	17438641	1
chr11	85539315	85539365	0
chr14	32553152	32553202	0
chr19	30808812	30808862	3
chr9	15485995	15486045	1
chr11	126252534	126252584	3
chr12	58240478	58240528	0
chr3	196594373	196594423	3
chr7	112122920	112122970	3
chr5	133415557	133415607	0
chr20	15246733	15246783	5
chr3	106120725	106120776	4
chr10	64566941	64566991	0
chr3	133172073	133172123	2
chr3	122496062	122496112	0
chr5	174102791	174102841	3
chr8	125192682	125192732	3
chr8	101689000	101689050	0
chr3	5028642	5028692	0
chr2	159047697	159047747	3
chr3	161740579	161740629	3
chrX	39871329	39871380	4
chr1	67896827	67896877	0
chr6	49431078	49431128	0
chr1	78441842	78441892	3
chr9	128035083	128035133	0
chr6	53851932	53851983	4
chr8	83687257	83687307	0
chr3	134488739	134488789	0
chr3	25767490	25767540	3
chr7	89874415	89874465	2
chr3	49195698	49195748	5
chr22	29781779	29781829	3
chr2	220441777	220441827	0
chr7	90054892	90054943	4
chr19	19517905	19517955	5
chr2	101812906	101812956	0
chr3	118959133	118959183	3
chr4	54568871	54568921	3
chr8	65575590	65575640	3
chr9	124595340	124595390	0
chr4	52918107	52918157	3
chr20	46413698	46413748	0
chr19	40059415	40059465	3
chr4	53886104	53886154	0
chr1	178208083	178208133	0
chr18	21324189	21324239	3
chr1	150954870	150954920	2
chr14	105240878	105240928	0
chr11	64851675	64851726	4
chr18	13253786	13253837	4
chr15	85969945	85969995	2
chr14	21945254	21945304	1
chr8	100115329	100115379	3
chr3	161144791	161144841	0
chr10	127203643	127203693	2
chr12	56520106	56520156	1
chr12	1434976	1435026	3
chr9	135547504	135547554	2
chr12	47338078	47338128	5
chr19	39205327	39205377	0
chr1	87161234	87161284	0
chr18	11689160	11689210	2
chrX	131119774	131119824	3
chr19	36422370	36422421	4
chr7	45788723	45788774	4
chr4	44159895	44159946	4
chr8	130463346	130463396	2
chr16	54961178	54961228	0
chr15	81702783	81702833	1
chr10	75385795	75385845	3
chrUn_gl000219	99825	99875	5
chr8	123877300	123877351	4
chr12	122501055	122501105	3
chr12	44199039	44199089	0
chr10	115284153	115284203	0
chr3	104882	104932	0
chr9	128212082	128212132	3
chr14	82000515	82000566	4
chr7	158060155	158060205	2
chr10	8736287	8736337	0
chr9	91002464	91002514	2
chr1	65883580	65883630	2
chr4	112913108	112913158	3
chr4	87582719	87582769	0
chr2	151085709	151085759	0
chr14	50241035	50241085	0
chr5	127213517	127213567	3
chr5	57755847	57755898	4
chr6	10613514	10613564	0
chr12	112464842	112464892	3
chrX	132188885	132188935	0
chr11	125298951	125299001	2
chr8	100721850	100721901	4
chr10	34926813	34926863	0
chr8	120676239	120676289	0
chr20	20840997	20841047	1
chr20	9100465	9100515	2
chr3	188023118	188023168	2
chr10	29824408	29824458	3
chr1	5748651	5748701	0
chr2	103104718	103104768	2
chr1	240042758	240042808	3
chr1	241161909	241161959	0
chr13	62601836	62601886	3
chr4	40625176	40625226	0
chr7	31168869	31168919	0
chr1	183250764	183250814	5
chr8	116554123	116554174	4
chr12	94071009	94071059	3
chr1	188610784	188610834	3
chr5	88260988	88261038	0
chr13	42803612	42803662	3
chr3	168867327	168867377	5
chr10	62185320	62185370	0
chr19	12274569	12274619	3
chr2	74640149	74640199	0
chr15	56210294	56210344	0
chr20	50419951	50420001	2
chr19	47428688	47428738	0
chr17	47392983	47393033	1
chr2	157440970	157441020	0
chr1	108464004	108464054	3
chr8	134731271	134731321	2
chr10	117424447	117424497	3
chr9	14616542	14616592	1
chr21	16494353	16494403	2
chr1	150459686	150459737	4
chr15	88421633	88421683	0
chr10	74452810	74452860	0
chr3	182697318	182697368	0
chr7	121944729	121944779	2
chr3	128880440	128880490	2
chrX	15586556	15586606	5
chr6	45982776	45982826	0
chr17	73379201	73379251	0
chr16	85557460	85557511	4
chr19	10946236	10946286	3
chr9	22104165	22104215	1
chr1	160577063	160577113	1
chr4	56915991	56916041	3
chr20	52687185	52687235	2
chr20	52230039	52230089	0
chr5	54455704	54455754	1
chr5	17145347	17145397	0
chr7	111493398	111493448	0
chr14	98715943	98715993	0
chr2	28422916	28422966	0
chr7	90040942	90040992	0
chr19	38549190	38549240	0
chr16	89557879	89557929	2
chr19	46144679	46144729	0
chr14	35370262	35370312	0
chr2	236478964	236479014	2
chrX	10918765	10918815	3
chr9	130098881	130098931	0
chr14	96127165	96127215	0
chr16	81170767	81170817	2
chr6	157313170	157313220	3
chr10	114840736	114840786	0
chr16	87901266	87901316	0
chr16	3661097	3661147	2
chr2	29140807	29140857	0
chr10	116286682	116286732	2
chr1	215777103	215777153	2
chr17	29700395	29700445	2
chr21	30754472	30754523	4
chr16	11886783	11886833	0
chr2	153572483	153572534	4
chr9	139620266	139620316	0
chr12	47233960	47234010	0
chrX	131433812	131433862	0
chr9	129838469	129838519	0
chr3	71160267	71160317	0
chr16	2526967	2527018	4
chr2	144891788	144891838	0
chr1	246772108	246772158	0
chr21	32901774	32901824	0
chr20	9274947	9274997	0
chr19	10612789	10612839	3
chr15	87099431	87099481	0
chr17	28038088	28038139	4
chr17	47937671	47937721	5
chr5	44263804	44263854	2
chr6	7560105	7560155	3
chr12	56013552	56013602	5
chr2	132357884	132357934	2
chr13	74316300	74316350	0
chr20	39707145	39707195	1
chr9	110893401	110893452	4
chr1	150670058	150670109	4
chr7	3615884	3615934	0
chr2	37311360	37311410	0
chr9	97685368	97685418	0
chr15	99401195	99401245	3
chr2	228088726	228088776	0
chr17	76992213	76992263	3
chr15	64386140	64386191	4
chr6	80165284	80165334	2
chr3	189042590	189042640	0
chr16	25189045	25189095	2
chr8	117355384	117355434	0
chr2	152266434	152266484	0
chr17	55665531	55665581	0
chr1	236687868	236687919	4
chr2	138721767	138721817	2
chr11	66764529	66764579	0
chr14	102529641	102529691	5
chrX	142209362	142209412	3
chr19	1254694	1254745	4
chr2	179058339	179058389	0
chr1	218879324	218879375	4
chr5	72174809	72174859	5
chr11	115558816	115558866	3
chr3	101670490	101670541	4
chr10	116582738	116582788	0
chr7	73246675	73246725	0
chr17	17843943	17843993	2
chr7	85183753	85183803	5
chr5	175281690	175281740	3
chr1	170084078	170084129	4
chr22	31030549	31030599	1
chr2	201728671	201728722	4
chr2	191364156	191364206	0
chr15	70261988	70262038	3
chr13	27412171	27412221	2
chr17	16004445	16004495	0
chr14	37583268	37583319	4
chr5	16542650	16542700	0
chr1	193028565	193028616	4
chr1	220510819	220510870	4
chr2	66480385	66480435	0
chr1	101754139	101754189	1
chr16	49995149	49995199	3
chr13	113366326	113366377	4
chr14	34100917	34100967	3
chr9	89054885	89054935	3
chr7	42131453	42131504	4
chr12	84559991	84560041	3
chr10	70748555	70748605	5
chr16	46796672	46796722	2
chr8	30290791	30290841	3
chr9	98931844	98931894	3
chr5	124833919	124833969	0
chr1	17625247	17625297	2
chr14	68925990	68926040	3
chr7	88753452	88753502	0
chr14	37482002	37482052	0
chr6	137061503	137061553	3
chr14	66096174	66096224	3
chr9	71908203	71908253	0
chr6	152589556	152589606	5
chr22	18122330	18122381	4
chr8	91900977	91901027	2
chr2	134255343	134255393	3
chr5	54507161	54507211	0
chr7	38310754	38310804	3
chr10	91402275	91402325	3
chr1	62707474	62707524	0
chr19	18852744	18852794	0
chr6	113755129	113755179	0
chr8	99687518	99687568	3
chr16	80058130	80058181	4
chr20	49190121	49190171	0
chr4	77129700	77129750	0
chr15	81567515	81567565	1
chr6	74346164	74346215	4
chr3	8456543	8456593	3
chr3	14863737	14863788	4
chr1	150336078	150336128	0
chr17	80189854	80189904	0
chr20	45985408	45985458	0
chr13	92831640	92831691	4
chr21	36626262	36626312	2
chr9	22129530	22129580	0
chr21	40443812	40443862	3
chr7	104400970	104401020	0
chr17	7186374	7186424	0
chr7	100711496	100711546	0
chr6	39625360	39625410	3
chr21	24228101	24228151	0
chr15	69582015	69582065	0
chr2	225233906	225233956	5
chr13	107128480	107128530	0
chr14	102276136	102276186	2
chr3	101522186	101522236	5
chr2	38818558	38818608	3
chr6	38404947	38404998	4
chr3	32599321	32599371	0
chr1	161391406	161391456	3
chr12	48921294	48921345	4
chr1	168735950	168736000	0
chr16	85499731	85499781	2
chr10	75173163	75173213	0
chr7	75707025	75707075	3
chr18	48149353	48149403	0
chr1	109841339	109841389	0
chr12	97813871	97813922	4
chr20	20529518	20529568	0
chr5	865677	865727	0
chr3	143862939	143862989	0
chr1	12603753	12603803	0
chr8	70404668	70404718	3
chr16	83987953	83988003	3
chr19	18117813	18117863	3
chr7	56225142	56225192	2
chr8	91593747	91593798	4
chrX	9757131	9757181	0
chr10	1020078	1020128	3
chr2	164028711	164028761	3
chr14	42130891	42130941	0
chr6	17116475	17116526	4
chr5	105648215	105648265	0
chr17	47585912	47585962	0
chr16	72959005	72959055	0
chr18	43382941	43382991	0
chr11	117173902	117173952	0
chr8	102952863	102952913	3
chr12	46518093	46518143	0
chr3	159590335	159590385	0
chr21	44999013	44999063	0
chr6	23517364	23517414	2
chr15	74449363	74449413	0
chr15	33299626	33299676	5
chr11	76799814	76799865	4
chr17	59434131	59434181	1
chr2	166731113	166731163	1
chr6	143381377	143381427	0
chr20	8186850	8186900	3
chr12	57119168	57119218	2
chr15	83559807	83559857	2
chr15	96919601	96919651	3
chr15	88694077	88694127	3
chr15	68318504	68318554	0
chr11	64546393	64546443	5
chr2	103220545	103220596	4
chr12	53445072	53445122	3
chr14	103460115	103460166	4
chr5	113998797	113998847	0
chr1	71927352	71927403	4
chr8	70381368	70381419	4
chr16	16195661	16195711	2
chr17	63529970	63530020	2
chr15	36799138	36799188	0
chr7	93925258	93925308	5
chr5	21201173	21201223	0
chr12	79452441	79452491	3
chr6	89545127	89545177	3
chr16	73010530	73010580	0
chr16	12667803	12667853	5
chr12	112081347	112081397	3
chr7	65372707	65372757	0
chr12	26185713	26185763	0
chr10	29554331	29554382	4
chr5	134977608	134977658	0
chr16	11292835	11292885	0
chr16	88685033	88685083	3
chr5	24634004	24634054	5
chr10	109374506	109374556	0
chr4	15446746	15446796	0
chr18	45660300	45660350	0
chr5	77961880	77961930	3
chr2	71871264	71871315	4
chr1	83568454	83568504	0
chr6	23017103	23017153	2
chr1	114723196	114723246	3
chr2	161609801	161609851	3
chr19	8523447	8523497	3
chr11	32125111	32125161	0
chr10	62896098	62896148	3
chr15	99847274	99847324	0
chr5	66390698	66390748	1
chr16	78693539	78693589	0
chr11	47270830	47270880	0
chr10	19083290	19083340	0
chr15	91974674	91974724	0
chr6	139908860	139908910	0
chr6	55053140	55053190	0
chr13	103250200	103250250	3
chr13	39255745	39255795	3
chr9	35426837	35426887	0
chr16	72978925	72978976	4
chr15	90471721	90471771	0
chr4	91746220	91746271	4
chr9	36575817	36575867	0
chr22	46847001	46847051	3
chr2	46319653	46319703	0
chr3	66532263	66532313	3
chr2	161285926	161285976	5
chr10	9154156	9154206	2
chr2	82715946	82715997	4
chr3	24681942	24681992	5
chr4	55575775	55575825	3
chr2	37113087	37113137	2
chr3	187754396	187754447	4
chr3	156294742	156294792	3
chr9	88040225	88040275	1
chr9	124370049	124370099	3
chr10	74877846	74877896	3
chr12	81105917	81105967	3
chr1	218671454	218671504	0
chr6	144643335	144643385	0
chr4	20594419	20594469	0
chr8	115103215	115103265	1
chr8	117000259	117000309	0
chr1	24867676	24867726	0
chr18	32559337	32559387	0
chr7	111370751	111370801	1
chr11	27223671	27223721	0
chr11	47545020	47545070	3
chr5	76606766	76606816	3
chr6	8064743	8064794	4
chr1	24742461	24742511	0
chr1	113007206	113007257	4
chr14	42168837	42168887	3
chr10	63710752	63710802	3
chr5	55787111	55787161	3
chr7	150810817	150810867	0
chr7	140281589	140281639	0
chr2	11671267	11671317	3
chr14	38058005	38058055	0
chr14	76522925	76522975	0
chr1	182932003	182932053	3
chr8	127636835	127636885	0
chr6	22924314	22924364	0
chr6	132144611	132144661	2
chr1	235011484	235011534	2
chr5	117488192	117488242	0
chr12	118710316	118710366	0
chr1	150944042	150944092	0
chr1	205909051	205909101	5
chr2	238602392	238602442	3
chr1	245925857	245925907	3
chr10	126833321	126833371	0
chr18	19624668	19624719	4
chr6	157991381	157991431	3
chr20	44420450	44420500	2
chr11	86282813	86282863	0
chr7	26893575	26893625	5
chr15	51791741	51791791	1
chr4	24475270	24475320	0
chr7	16975197	16975248	4
chrX	132190626	132190676	3
chr5	44056659	44056709	3
chr6	42532940	42532990	0
chr3	19030903	19030954	4
chr7	142146118	142146168	5
chr5	36242153	36242203	3
chr12	12870253	12870303	3
chr13	52028107	52028157	0
chr8	19315710	19315760	0
chr15	95023821	95023871	0
chr10	126723881	126723931	3
chr9	2022699	2022749	0
chr1	117360286	117360336	0
chr4	183846646	183846696	5
chr11	65148446	65148496	5
chr6	39835564	39835614	5
chr10	30530221	30530271	1
chr14	74226557	74226607	3
chr1	201528936	201528986	1
chr17	63290459	63290509	1
chrX	69353234	69353284	5
chr15	34058705	34058755	5
chr14	106642700	106642750	2
chr15	52432198	52432248	1
chr2	88487628	88487678	1
chr9	139923368	139923418	1
chr12	101808476	101808526	1
chr9	1434234	1434284	2
chr7	149322766	149322816	5
chr5	50258922	50258972	1
chr10	127387400	127387450	2
chr7	30948395	30948445	2
chr12	89923685	89923735	5
chr20	4205148	4205199	4
chr5	180616091	180616141	3
chr1	244386322	244386372	2
chr13	50655970	50656021	4
chr7	64720805	64720855	2
chr11	45676959	45677009	1
chr5	37838467	37838517	2
chr10	71560998	71561048	5
chr7	111403678	111403728	1
chr19	10613272	10613323	4
chr2	63771334	63771384	0
chr9	34562319	34562369	1
chr7	149675739	149675789	1
chr5	117964849	117964899	1
chr22	19953724	19953774	5
chr1	16142180	16142230	5
chr15	68608985	68609035	1
chr7	143084912	143084963	4
chr17	42018118	42018168	1
chr5	129235319	129235369	5
chr13	77576893	77576943	1
chr2	216601503	216601554	4
chr12	122065137	122065187	2
chr6	16762950	16763000	5
chr7	31768989	31769039	5
chr2	171153683	171153733	1
chr5	80488326	80488376	5
chr8	48649377	48649427	2
chr14	107012844	107012894	1
chr1	220011239	220011289	5
chr1	32181395	32181445	5
chr17	72683122	72683172	0
chr17	29044132	29044182	1
chr1	53370731	53370782	4
chr7	121187723	121187773	5
chr3	13202598	13202648	5
chr20	9818682	9818732	5
chr8	141400966	141401016	1
chr6	90889102	90889152	5
chr5	127211326	127211376	5
chr12	82752554	82752604	1
chr7	144867169	144867219	5
chr2	231003074	231003125	4
chrX	77963873	77963923	5
chr10	99223545	99223595	5
chrX	68713173	68713223	5
chr11	5574814	5574864	3
chrX	48370097	48370147	5
chr14	22508674	22508724	1
chr5	7436762	7436813	4
chr1	25176347	25176397	5
chr8	120221687	120221737	0
chr13	99083533	99083583	5
chr9	107625674	107625724	1
chr15	40567067	40567117	1
chr2	175874833	175874883	1
chr8	37016968	37017018	0
chr8	144373414	144373464	2
chr7	36025027	36025077	2
chr1	168679527	168679577	5
chr10	73950190	73950240	5
chrX	41619244	41619294	5
chr20	55797410	55797461	4
chr2	5765886	5765936	2
chr7	142135228	142135278	1
chr5	64372325	64372375	5
chr5	102855420	102855470	5
chr15	52970408	52970458	1
chr3	33729030	33729080	2
chr5	135065346	135065396	5
chr5	85600951	85601001	5
chr2	12003910	12003960	5
chr5	133625388	133625438	5
chr1	152416623	152416673	1
chr4	75242764	75242814	1
chr2	162803210	162803260	1
chr2	149955991	149956041	1
chr20	39790685	39790735	2
chr3	27788478	27788529	4
chr15	95213834	95213884	1
chr20	40523822	40523872	3
chr12	57505482	57505533	4
chr4	7878008	7878058	1
chr16	89477336	89477386	0
chr11	2058266	2058316	1
chr5	139485780	139485830	1
chr1	185664613	185664663	1
chr15	27410909	27410959	0
chr2	171729880	171729930	1
chr1	7048087	7048137	3
chr5	177551573	177551623	5
chr15	101555552	101555602	1
chr15	47488344	47488394	5
chr15	39283503	39283553	5
chr1	163285744	163285794	5
chr3	1145384	1145434	5
chr2	21540183	21540233	5
chr15	44067783	44067833	5
chr17	75817313	75817363	1
chrX	107213482	107213532	2
chr10	44834913	44834963	1
chrX	47428467	47428517	5
chr12	29151934	29151984	5
chr2	102841996	102842046	0
chr9	139522003	139522053	1
chr10	25315597	25315647	1
chr9	100459352	100459403	4
chr10	135071354	135071405	4
chr14	93799589	93799640	4
chr5	174508779	174508829	1
chr8	144614424	144614474	1
chr18	73403511	73403561	3
chr7	68868307	68868357	1
chr17	80855475	80855525	2
chr16	68772261	68772311	5
chr10	14438783	14438833	2
chr14	24777459	24777509	5
chr4	73192588	73192638	5
chr12	100798730	100798780	5
chr2	100938916	100938966	2
chr11	122925155	122925205	5
chr17	55749417	55749467	1
chr4	155467026	155467076	1
chr19	39888440	39888490	1
chr15	74415451	74415501	2
chr8	142148095	142148145	5
chr7	115316312	115316362	5
chr11	64085692	64085742	2
chr7	93919925	93919975	3
chr11	75087417	75087467	1
chr8	119427358	119427408	1
chr8	110651985	110652035	1
chr17	39643199	39643249	5
chr17	53900053	53900104	4
chr1	75237778	75237828	5
chr5	158868519	158868569	2
chr14	106465994	106466044	5
chr2	242640732	242640783	4
chr9	124132911	124132961	2
chr3	39765865	39765915	5
chr21	38592929	38592979	3
chr16	21313093	21313143	2
chr11	36768754	36768804	1
chr22	41214973	41215023	5
chr6	27759999	27760049	1
chr9	94496818	94496868	1
chr6	20789551	20789601	5
chr10	48384940	48384990	2
chr9	21183243	21183293	5
chr1	19210820	19210871	4
chr16	3062304	3062354	2
chr1	215700063	215700113	5
chr2	114557132	114557183	4
chr18	56197139	56197189	1
chr4	1750535	1750585	1
chr21	34733272	34733322	1
chrX	3730239	3730289	0
chr5	60643168	60643218	5
chr18	9722809	9722859	1
chr17	72858512	72858562	5
chr1	144865225	144865275	1
chr5	810489	810539	2
chr22	35746881	35746931	5
chr10	68685764	68685815	4
chr4	84692512	84692563	4
chr17	73625605	73625655	2
chr3	173450991	173451041	1
chr4	47465574	47465624	5
chr2	231968968	231969019	4
chr1	86981427	86981477	5
chr14	41854283	41854333	2
chr2	228797275	228797325	5
chr3	189685222	189685272	1
chr20	8000100	8000150	1
chr11	35843824	35843874	5
chr2	10897982	10898032	2
chr16	67697676	67697727	4
chr14	77767551	77767601	1
chr7	132532982	132533033	4
chr7	30452815	30452865	5
chr12	111638964	111639014	2
chr10	100508216	100508266	1
chr7	106532150	106532200	5
chr11	118478600	118478651	4
chr2	26683266	26683316	5
chr3	185811490	185811541	4
chr7	132003660	132003710	5
chr1	204776229	204776279	1
chr9	132500280	132500330	2
chr17	52977903	52977953	2
chr15	23887718	23887768	1
chr11	62380065	62380115	1
chr2	230933056	230933107	4
chrX	142837810	142837860	5
chr9	140779903	140779954	4
chr3	184788456	184788506	1
chr1	104003978	104004028	5
chr10	101945252	101945302	3
chr3	142650202	142650253	4
chr3	10416139	10416189	5
chr17	42245960	42246010	1
chr12	6861514	6861565	4
chr20	61053354	61053404	5
chr6	132714100	132714150	5
chr3	139654321	139654372	4
chr20	19192641	19192691	1
chr10	50747331	50747382	4
chr2	18559473	18559523	1
chr1	160189535	160189585	5
chr2	198243280	198243330	0
chr7	2387786	2387836	1
chr6	168200161	168200212	4
chr1	163041742	163041792	1
chr5	94186137	94186187	1
chr4	72055355	72055405	0
chr1	231908937	231908987	2
chr8	99559281	99559331	0
chr16	68663608	68663658	5
chr6	151727344	151727394	1
chr2	159036327	159036378	4
chr11	15298297	15298347	2
chr15	89954862	89954912	1
chr7	139025914	139025965	4
chr10	12824612	12824662	1
chr1	215197368	215197418	0
chr5	140819088	140819139	4
chr7	42111795	42111845	2
chr12	27805262	27805312	5
chr3	120050165	120050215	5
chr8	105265769	105265819	2
chr14	93752437	93752487	1
chr1	40167687	40167737	5
chr15	42196877	42196927	5
chr11	36063724	36063774	1
chr7	107384027	107384077	1
chr3	38692868	38692918	1
chr7	124303154	124303204	5
chr14	37117303	37117353	1
chr9	135287686	135287736	5
chr9	129393727	129393777	2
chr9	128246340	128246390	2
chr14	106765450	106765500	1
chr17	46338812	46338862	1
chr10	125341804	125341854	1
chr5	134887695	134887745	5
chrX	141177214	141177265	4
chr9	35727064	35727114	1
chr18	13139928	13139978	5
chr7	135389025	135389075	5
chr5	137688329	137688379	2
chr11	17526280	17526330	5
chr1	38966071	38966122	4
chr17	17947009	17947059	2
chr16	90281947	90281998	4
chr7	9304212	9304262	0
chr3	115503493	115503543	1
chr8	122333663	122333713	0
chr2	192096811	192096861	1
chr22	22001156	22001206	5
chrX	102431466	102431516	1
chr6	119654986	119655037	4
chr1	206718278	206718328	1
chr19	12903348	12903398	2
chr3	107150876	107150926	2
chr7	157069000	157069050	5
chr10	54489441	54489491	5
chr10	114067784	114067834	5
chr2	75092752	75092802	2
chr2	203693581	203693631	5
chr7	131924350	131924400	5
chr2	80087866	80087916	5
chr13	93769233	93769283	5
chr17	13044210	13044261	4
chr13	73797001	73797052	4
chr6	67822044	67822094	0
chr18	24229840	24229890	1
chr15	38766505	38766555	5
chr2	72377635	72377685	5
chr16	69971579	69971630	4
chr9	19457581	19457631	5
chr1	919680	919730	1
chr9	10479299	10479350	4
chr17	62772794	62772844	3
chr21	22536393	22536443	5
chr5	138728407	138728457	5
chr4	4996997	4997047	1
chr10	55213184	55213235	4
chr16	33798459	33798509	5
chr2	233198250	233198300	1
chr6	2988499	2988549	3
chr1	179851889	179851939	2
chr6	37333693	37333743	5
chr5	101313617	101313667	5
chr21	47841207	47841257	2
chr7	137982991	137983041	2
chr2	196525181	196525231	5
chr12	54793235	54793285	1
chr11	123382106	123382156	5
chr6	124287177	124287227	5
chr1	156882607	156882658	4
chr1	76457364	76457414	1
chr21	27235002	27235052	1
chr20	56785017	56785067	1
chr5	134793321	134793371	5
chr21	17454922	17454972	5
chr2	32944029	32944079	2
chr17	55485845	55485895	0
chr3	159536244	159536294	1
chr22	30168317	30168367	2
chr18	61912034	61912084	0
chr8	22431995	22432045	1
chr12	51441663	51441713	1
chr14	70659776	70659826	2
chr21	27268219	27268269	5
chr1	91492467	91492517	1
chr12	49208582	49208632	1
chr6	35704222	35704272	1
chr13	22830544	22830594	5
chr4	113249184	113249234	5
chr1	114825594	114825644	1
chr8	71520559	71520609	2
chr5	87077110	87077160	1
chr10	27735142	27735192	1
chr8	37761572	37761622	0
chr17	77105825	77105875	5
chr4	132998045	132998095	2
chr3	103513725	103513775	1
chr10	60941601	60941651	1
chr4	9497282	9497332	5
chr17	74295103	74295153	5
chr19	11236932	11236982	5
chr14	68171352	68171402	1
chr16	9573035	9573085	5
chr11	124959032	124959082	2
chr3	87553215	87553265	5
chr9	103881669	103881719	5
chr11	58974264	58974314	5
chr8	133206249	133206299	5
chrX	99201864	99201914	3
chr19	51396530	51396580	5
chr20	61491833	61491883	5
chr18	48346385	48346435	2
chr4	119955870	119955920	3
chr16	2202789	2202839	5
chr1	216285357	216285407	1
chr5	175843617	175843667	5
chr19	34489817	34489867	5
chr8	49084850	49084900	5
chr6	108581764	108581814	2
chr11	121523821	121523871	5
chr3	196983880	196983930	5
chr1	204593273	204593323	5
chr2	200838549	200838600	4
chr3	58810094	58810144	2
chr4	55536125	55536175	1
chr1	118696932	118696982	3
chr9	4225934	4225984	5
chr2	204973143	204973193	5
chr7	142636821	142636871	1
chr20	29591693	29591743	1
chr15	32951495	32951545	3
chr10	24672700	24672750	1
chr3	193964125	193964176	4
chr2	121433268	121433318	5
chr11	9406716	9406766	1
chr5	131755488	131755538	1
chr4	153020876	153020926	5
chr5	167009432	167009482	1
chr8	145909844	145909894	1
chr17	49021642	49021693	4
chr2	178623722	178623772	5
chr11	84511961	84512011	1
chr9	2336247	2336297	5
chr1	226071830	226071880	2
chr7	104654092	104654142	1
chr15	22970339	22970389	2
chr8	99142424	99142474	1
chr1	246425220	246425271	4
chr14	64932765	64932815	2
chr1	205779787	205779837	1
chr2	84799680	84799730	3
chr17	48217393	48217443	1
chr7	18630542	18630592	5
chr9	44227425	44227475	5
chr7	33945322	33945372	5
chr5	102310045	102310095	1
chr1	210316983	210317033	5
chr9	13689166	13689216	1
chr12	54223141	54223191	1
chr2	213413402	213413453	4
chr2	143792115	143792165	5
chr16	75466933	75466983	5
chr2	112425263	112425313	0
chr2	85764925	85764976	4
chr15	79511113	79511163	1
chr17	45889735	45889786	4
chr14	95899514	95899564	2
chr17	7124354	7124404	1
chr14	75372537	75372587	1
chr17	76133559	76133609	1
chr16	85665812	85665862	5
chr5	141521273	141521323	2
chr6	20127125	20127175	1
chr11	76518608	76518658	1
chr15	51178295	51178345	1
chr1	238102019	238102069	1
chr4	87817061	87817111	1
chr16	66751084	66751134	1
chr9	127082750	127082800	1
chr10	93058161	93058211	5
chr8	66948888	66948938	1
chr2	235459333	235459383	1
chr9	36866987	36867037	1
chr1	66708529	66708579	5
chr3	63893944	63893994	5
chr8	27104928	27104979	4
chr19	11493585	11493635	1
chr5	78487457	78487507	5
chr8	25946319	25946369	5
chr16	50244603	50244653	5
chr4	8690051	8690101	2
chr2	47995193	47995243	5
chr20	22314963	22315013	5
chr6	36514821	36514871	2
chr1	39494325	39494375	1
chr21	16925597	16925647	5
chr2	48541491	48541541	2
chr17	34091230	34091280	5
chr9	104554401	104554451	1
chr5	142382769	142382819	1
chr4	184642691	184642742	4
chrX	7066377	7066427	3
chr14	93673400	93673450	5
chr7	83862184	83862234	2
chr3	5347233	5347283	1
chr17	78313169	78313219	5
chr14	24058348	24058398	1
chr12	122393826	122393876	5
chr7	77428601	77428652	4
chr6	51424010	51424060	1
chr6	73122078	73122128	1
chr14	99167173	99167223	5
chr2	219844667	219844717	1
chr1	201118691	201118741	1
chr8	94468441	94468491	5
chr7	28962405	28962455	1
chr3	52941667	52941718	4
chr16	66995072	66995122	1
chr8	80677614	80677664	1
chr12	13365176	13365226	5
chr5	53444038	53444088	3
chr16	56677504	56677554	2
chr11	8285509	8285559	1
chr5	140718185	140718235	0
chr3	62517339	62517389	1
chr10	79789383	79789433	5
chr22	22901686	22901736	1
chrX	118315609	118315659	5
chr10	134275435	134275485	2
chr16	78088152	78088203	4
chr7	18316225	18316275	1
chr4	131729829	131729879	5
chr11	3131509	3131559	1
chr17	75592620	75592670	2
chr14	25876119	25876169	5
chr9	137631134	137631184	5
chr15	23908547	23908597	5
chr4	169786322	169786373	4
chr2	152050270	152050320	2
chr4	5806472	5806522	2
chr4	107958530	107958580	2
chr1	45012613	45012663	0
chr5	38259077	38259127	2
chr4	184761548	184761598	1
chr15	70021662	70021712	1
chr4	163880413	163880463	5
chrUn_gl000212	127889	127939	5
chr17	17384589	17384639	3
chr4	94120904	94120954	5
chr22	41633700	41633750	5
chr17	70525662	70525712	1
chr4	69042423	69042473	3
chr2	48338451	48338501	1
chr3	119337912	119337962	2
chr10	31909374	31909424	3
chrX	77165987	77166037	5
chr17	45078653	45078703	1
chr2	206545043	206545094	4
chr8	140108726	140108776	5
chr3	53264125	53264175	5
chr4	86396061	86396111	2
chr1	89449696	89449746	1
chr8	144025115	144025165	1
chr10	72639944	72639994	1
chr18	67512975	67513025	1
chr7	50747114	50747165	4
chr4	78124923	78124973	5
chr13	40720383	40720433	5
chr9	115555670	115555720	1
chr10	25928747	25928797	5
chr9	73034711	73034761	2
chr2	65492363	65492413	5
chr5	172124669	172124719	1
chr12	52644298	52644348	2
chr2	227994680	227994730	5
chr7	78950611	78950662	4
chr3	674434	674484	5
chr1	11898878	11898928	1
chr19	5052655	5052705	1
chr3	89577139	89577190	4
chr3	70113502	70113552	5
chr13	32802567	32802617	5
chr15	75133715	75133765	2
chr1	183885270	183885320	5
chr4	184021210	184021260	2
chr11	64614735	64614785	1
chr18	74771653	74771703	5
chr10	45804376	45804426	1
chr2	20426291	20426342	4
chr1	1610572	1610623	4
chr1	229367589	229367639	2
chr2	50371593	50371643	5
chr6	49817443	49817493	5
chr17	70553228	70553278	1
chr7	51496089	51496139	5
chr7	149580654	149580704	5
chr16	81400110	81400160	1
chr3	148991097	148991147	1
chr17	10301813	10301863	3
chr6	38461888	38461938	5
chr3	110678369	110678419	5
chr1	22854536	22854586	2
chr4	17474128	17474178	5
chr17	11826137	11826187	3
chr2	155749006	155749056	3
chr3	150295811	150295861	5
chr7	1481250	1481300	5
chr7	96694456	96694506	5
chr17	69114372	69114422	1
chr17	64558470	64558520	2
chr16	24420537	24420587	5
chr11	72894004	72894054	3
chr6	125635377	125635428	4
chr10	113104755	113104805	5
chr6	42198165	42198215	1
chr2	12044320	12044370	3
chr6	88947977	88948027	1
chr16	1480969	1481020	4
chr9	137335321	137335371	1
chr19	36468521	36468571	5
chr11	64333000	64333050	5
chr3	68981948	68981999	4
chr3	136751430	136751480	1
chr1	38506328	38506378	1
chr7	1126692	1126742	1
chr10	74594156	74594206	1
chr1	220185734	220185785	4
chr12	109242083	109242134	4
chr3	128222100	128222150	1
chr8	38625968	38626018	1
chr20	412274	412324	5
chr3	178161469	178161519	3
chr4	42997521	42997571	5
chr20	44258309	44258359	1
chr16	48387631	48387681	5
chr1	7858426	7858476	3
chr5	137368112	137368162	5
chr4	149061863	149061913	5
chr13	103556173	103556223	1
chr12	56499224	56499275	4
chr8	10682998	10683048	1
chr1	1656115	1656165	5
chr6	14317505	14317555	1
chr10	78744736	78744786	1
chr11	46139568	46139618	5
chr3	109450906	109450956	1
chr8	105342260	105342310	1
chr1	9188873	9188923	5
chr11	67054214	67054264	1
chr4	6919508	6919558	0
chr14	56889482	56889532	1
chr14	22314616	22314666	1
chr2	40715327	40715377	5
chr3	64007806	64007856	2
chr5	59020498	59020548	1
chr8	103047699	103047749	2
chr2	112048150	112048200	2
chr1	232002575	232002625	1
chr15	97293762	97293812	5
chr20	61855944	61855994	5
chr10	49857800	49857851	4
chr11	115860780	115860830	5
chr1	51554310	51554360	5
chr5	92377736	92377786	3
chr9	140509198	140509248	1
chr16	70804742	70804792	2
chr9	111598686	111598737	4
chr17	31616142	31616192	5
chr15	77925988	77926038	1
chr10	121485122	121485172	2
chr4	104724113	104724163	5
chr19	39360622	39360672	1
chr12	44351712	44351762	5
chr5	17132794	17132844	1
chr17	41364120	41364171	4
chr3	53876909	53876959	1
chr8	99939179	99939230	4
chr8	21313646	21313696	5
chr7	105173019	105173070	4
chr19	6863742	6863792	1
chr14	74617807	74617857	5
chr9	35162086	35162136	2
chr2	97593665	97593715	1
chr2	46592184	46592234	1
chr4	87417421	87417471	5
chr10	81160388	81160438	1
chr17	4167998	4168048	2
chrX	99940841	99940891	1
chr1	89121544	89121594	5
chr16	157184	157234	1
chr2	163190658	163190708	5
chr18	864947	864997	1
chr6	68948996	68949047	4
chr3	150213528	150213578	1
chr7	51669313	51669363	5
chr15	60028505	60028555	3
chr9	107370832	107370883	4
chr2	63944283	63944333	2
chr17	59490073	59490123	2
chr8	99341234	99341284	5
chr1	15242019	15242069	1
chr9	92213191	92213241	5
chr1	228643567	228643617	1
chr20	7961402	7961452	5
chr9	90499113	90499163	5
chr2	86114909	86114959	5
chr9	136219002	136219052	5
chr9	140470519	140470569	1
chr11	47198996	47199046	1
chr2	20448167	20448217	0
chr8	140225723	140225773	1
chr14	96730356	96730406	3
chr16	11391738	11391788	3
chr16	89767975	89768025	1
chr1	156572671	156572722	4
chr9	137255392	137255442	5
chr7	150942693	150942743	5
chr8	128175997	128176047	3
chrUn_gl000212	101420	101470	2
chr5	74627571	74627621	2
chr7	115890178	115890228	1
chr7	26130641	26130691	2
chr17	50184173	50184223	1
chr12	54997135	54997185	1
chr19	45659905	45659955	2
chr10	4985223	4985273	5
chr20	50859336	50859386	5
chr6	16128961	16129011	0
chr10	4692952	4693002	0
chr15	70780529	70780579	1
chr11	44887649	44887699	1
chr4	10166620	10166670	1
chr1	67461899	67461949	5
chr8	33497853	33497903	5
chr5	140012986	140013036	0
chr1	241774468	241774518	5
chr16	34760686	34760736	2
chr12	93221778	93221828	1
chr22	37562717	37562767	5
chr7	132474203	132474253	2
chr1	45121378	45121428	5
chr19	46677285	46677335	1
chr15	75248637	75248687	1
chr12	116309626	116309676	3
chr3	169345731	169345781	0
chr10	17269426	17269476	1
chr15	88787287	88787337	1
chr22	22028017	22028067	1
chr4	147436357	147436407	1
chr1	151043241	151043291	5
chr12	101221838	101221888	1
chr9	140083416	140083467	4
chr4	55185236	55185286	1
chr8	13050636	13050686	5
chr2	134602018	134602068	1
chr12	48424111	48424161	2
chr9	115707980	115708030	2
chr4	47034760	47034811	4
chr11	76784425	76784475	5
chr12	52317347	52317397	1
chr2	72364752	72364802	1
chr15	91812013	91812063	2
chr4	185089727	185089777	5
chr1	36653470	36653520	5
chr3	14586472	14586522	5
chr7	149722349	149722399	1
chr3	79067944	79067994	2
chr15	102080909	102080959	1
chr9	86238499	86238550	4
chr2	216814854	216814904	5
chrX	93363141	93363191	5
chr8	101586373	101586423	1
chr11	117052150	117052200	1
chr9	93726697	93726747	1
chr15	100651524	100651575	4
chr11	101719168	101719218	1
chr14	30474497	30474547	1
chr1	212004150	212004200	1
chr17	59834005	59834055	1
chr14	106933809	106933859	5
chr11	2952090	2952140	5
chr9	71395193	71395244	4
chr2	136556524	136556574	5
chr12	62653979	62654029	1
chr5	172411434	172411484	5
chr1	184348648	184348698	1
chr8	101554499	101554549	1
chrX	129242818	129242868	2
chr16	70185456	70185506	5
chr1	49283355	49283405	1
chr7	24934640	24934690	1
chr11	71518861	71518912	4
chr6	130703048	130703099	4
chr21	47879105	47879155	2
chr2	178012020	178012070	1
chr17	75204660	75204710	5
chr1	222638758	222638808	2
chr9	135848126	135848176	1
chr14	32721455	32721505	1
chr1	110319613	110319663	1
chr17	7459118	7459168	2
chr13	46626818	46626868	5
chr1	118217810	118217861	4
chr5	30401761	30401811	1
chr18	51654320	51654370	1
chr14	23322800	23322850	1
chr1	6101669	6101719	5
chr9	136063777	136063827	1
chr16	11058030	11058080	1
chr2	25790449	25790499	5
chr1	222628627	222628677	1
chr9	136223909	136223959	2
chr14	90701848	90701898	1
chr8	142637023	142637073	5
chr14	37074829	37074879	5
chr3	54549560	54549610	2
chr2	214111572	214111622	1
chr8	127881781	127881831	1
chr7	155364566	155364616	2
chr9	140301599	140301649	5
chr17	48238993	48239043	1
chr10	83680149	83680199	1
chr10	115837864	115837914	1
chr2	8248276	8248326	5
chr15	21268159	21268209	2
chr14	23590126	23590176	1
chr9	1211611	1211662	4
chrX	16762258	16762308	2
chr7	38491599	38491649	5
chr9	140131050	140131100	5
chr17	42161740	42161790	1
chr3	15900458	15900508	0
chr2	72161175	72161225	1
chr14	50527837	50527887	2
chr9	69162052	69162102	2
chr1	222912183	222912233	1
chr5	318991	319042	4
chr15	41988378	41988428	5
chr5	72512311	72512362	4
chr21	43166216	43166266	2
chr17	26821881	26821931	1
chr14	40173942	40173992	5
chr9	21789585	21789635	5
chr7	65878792	65878842	5
chr4	83476590	83476640	3
chr6	130073152	130073202	1
chr17	10261239	10261289	1
chr1	156163829	156163879	1
chr22	19418554	19418604	5
chr15	45722632	45722682	1
chr16	55978358	55978408	1
chr21	44922465	44922515	1
chr7	84544114	84544164	0
chr6	87646933	87646983	1
chr14	105399888	105399938	1
chr11	62537261	62537312	4
chr6	123003033	123003083	1
chr13	111868736	111868786	5
chr18	44576923	44576973	5
chr6	26253674	26253725	4
chr21	44274958	44275008	3
chr2	72533044	72533094	0
chr12	130663825	130663875	2
chr8	92355936	92355986	1
chr14	22675280	22675330	3
chr6	24283333	24283383	1
chr12	97160167	97160218	4
chr17	73717621	73717672	4
chr7	35560000	35560050	5
chr1	113616292	113616342	5
chr7	89400496	89400546	5
chr12	48264426	48264476	5
chr17	76967520	76967570	5
chr2	177517219	177517269	1
chr12	49736356	49736406	5
chr13	51644253	51644303	5
chr19	8590263	8590314	4
chr9	94422284	94422334	1
chr11	1536885	1536935	5
chr2	180942209	180942259	1
chr14	100773653	100773703	2
chr10	130459269	130459320	4
chr14	66826312	66826362	5
chr8	79305827	79305877	1
chr7	31174239	31174289	5
chr17	530573	530624	4
chr11	22174457	22174507	5
chr20	3870057	3870107	2
chr14	22179755	22179805	1
chr12	26427576	26427626	5
chrX	125132565	125132615	1
chr8	134508803	134508853	1
chr15	40602386	40602436	5
chr3	94312543	94312593	2
chr8	140663545	140663595	2
chr2	110493975	110494025	5
chr7	2103606	2103656	1
chr4	6649781	6649832	4
chr12	53738817	53738867	5
chr1	165227328	165227378	1
chr2	950231	950281	1
chrX	149533773	149533823	2
chr5	67542806	67542856	1
chr15	94774553	94774604	4
chr15	33494239	33494290	4
chr22	19667270	19667320	1
chr10	15251994	15252044	1
chr6	145535797	145535847	5
chr5	16741168	16741218	3
chr13	101404310	101404360	2
chr1	17011417	17011467	5
chr22	40907651	40907701	2
chr14	54947699	54947749	0
chr5	171339308	171339358	1
chr20	43571040	43571090	2
chr18	55626640	55626690	1
chr2	168148944	168148994	2
chr5	102918228	102918278	5
chr11	94630601	94630651	1
chr2	55646961	55647012	4
chrX	47886174	47886224	1
chrX	137008430	137008480	5
chr4	102977094	102977145	4
chr17	63452216	63452266	1
chr12	25726262	25726312	5
chr5	2810886	2810936	3
chr2	27844565	27844615	1
chr1	110331608	110331658	1
chr18	2121346	2121397	4
chr6	53593546	53593596	5
chr5	92174094	92174145	4
chr17	72984256	72984307	4
chr5	76814325	76814375	5
chr15	68675936	68675986	1
chr1	152365418	152365468	5
chr3	87309504	87309554	1
chr15	57372701	57372752	4
chr3	43732031	43732082	4
chr18	29137536	29137586	2
chr14	33901784	33901834	5
chr3	15546675	15546725	5
chr8	64304007	64304057	1
chr14	79314750	79314800	1
chr12	76953407	76953458	4
chr7	39620172	39620222	5
chr13	36662401	36662452	4
chr2	46525884	46525934	1
chr4	166033754	166033804	5
chr5	161675269	161675319	0
chr12	98520720	98520771	4
chr11	115375256	115375306	5
chr12	38536955	38537005	1
chr9	132391084	132391135	4
chr3	155577839	155577889	5
chr20	52816459	52816509	2
chr2	178589562	178589612	5
chr7	12725281	12725331	1
chr5	136227037	136227087	1
chr15	37974727	37974778	4
chr2	171785635	171785685	5
chr14	81053538	81053588	1
chr7	93906299	93906349	5
chr14	36538852	36538902	5
chr3	53879718	53879769	4
chr4	75177592	75177642	1
chr3	75343532	75343582	3
chr22	26419634	26419685	4
chr14	52510559	52510609	1
chr4	78539964	78540014	1
chr3	112250342	112250392	1
chr1	225960162	225960212	5
chr15	49103875	49103925	2
chr1	39724483	39724533	5
chr6	1644535	1644585	5
chr11	79151098	79151148	5
chr5	176212935	176212985	2
chr5	138677520	138677570	2
chr7	130676033	130676083	5
chr1	207108994	207109044	1
chr12	65091968	65092018	1
chr7	35664353	35664403	1
chr1	114521541	114521591	1
chr10	52697460	52697510	1
chr3	108381162	108381212	5
chr12	50368110	50368160	1
chr4	153656646	153656696	5
chr6	42515478	42515528	1
chr2	31360977	31361027	5
chr5	32329629	32329679	5
chr5	61927964	61928014	5
chr8	65608318	65608368	1
chr2	86252524	86252574	1
chr13	20501428	20501478	1
chr3	89098455	89098506	4
chr10	9117547	9117597	5
chr12	94942087	94942137	2
chr18	9859437	9859487	5
chr15	51981238	51981288	1
chr15	62765220	62765271	4
chr12	46466069	46466119	1
chr21	35747951	35748001	2
chr7	133701595	133701645	5
chr2	208339784	208339834	1
chr5	153900646	153900696	5
chr14	22669165	22669215	5
chr7	38579716	38579766	5
chr17	74393462	74393512	5
chr5	113785749	113785799	1
chr10	71674565	71674615	1
chr5	146889427	146889478	4
chr6	88639679	88639729	1
chr18	43460092	43460142	1
chrX	10087621	10087671	1
chr7	21762070	21762120	2
chrX	133160819	133160869	2
chr8	142938081	142938131	5
chr2	66487529	66487579	5
chr7	100926423	100926473	1
chr6	146864611	146864661	1
chr7	13072303	13072353	1
chr16	75285357	75285407	2
chr6	131520973	131521023	1
chr2	25500246	25500296	5
chrX	143671935	143671985	5
chr11	106177814	106177864	2
chr19	45665449	45665499	1
chr12	129015839	129015890	4
chr7	149757750	149757800	1
chr1	43222805	43222855	1
chr1	182374046	182374096	2
chr15	68522492	68522542	2
chr4	26721746	26721796	5
chr11	67043518	67043568	2
chr5	57756721	57756771	5
chr10	43844065	43844115	1
chr10	107935706	107935756	1
chr20	48687960	48688010	1
chr15	49931099	49931149	1
chr16	48151530	48151580	1
chr2	172580989	172581039	5
chr16	572110	572161	4
chr8	143210338	143210388	1
chr4	75973608	75973659	4
chr1	70902432	70902482	5
chr16	4526316	4526367	4
chr15	76044881	76044931	1
chr1	178743571	178743621	5
chr12	128258187	128258237	5
chr4	99977354	99977404	1
chr2	160041994	160042044	1
