Modes: 2
Features: 4
Sequences: 2000
Motif: 0
78	725	75	63
29	910	0	2
670	29	81	161
41	535	345	20
133	395	59	354
790	14	85	52
11	2	919	9
380	18	538	5
51	21	511	358
27	1	903	10
28	66	766	81
157	665	27	92
418	48	405	70
100	429	309	103
Motif: 1
447	113	53	446
518	136	286	119
539	26	112	382
247	9	775	28
38	201	50	770
773	285	0	1
924	119	6	10
977	35	19	28
2	756	12	289
951	27	37	44
Posreads: 0
621.000000	320.000000
621.000000	320.000000
654.000000	287.000000
674.000000	267.000000
591.000000	350.000000
Posreads: 1
934.000000	125.000000
905.000000	154.000000
862.000000	197.000000
808.000000	251.000000
824.000000	235.000000
Negreads: 0
489.000000	452.000000
535.000000	406.000000
521.000000	420.000000
486.000000	455.000000
501.000000	440.000000
Negreads: 1
793.000000	266.000000
717.000000	342.000000
612.000000	447.000000
452.000000	607.000000
724.000000	335.000000
Mode sequence counts
0	941
1	1059
Motif widths 
0	14
1	10
Positive strand read widths 
0	5
1	5
Negative strand read widths 
0	5
1	5
Relative distances
0	8	24
1	9	19
Alpha: 0.500000
Pseudo count for reads
1.000000	1.000000
