chr20	21284556	21284606	1
chr9	84300909	84300959	1
chr11	12520761	12520811	1
chr9	97681871	97681921	1
chr16	89638709	89638759	1
chr12	49785906	49785956	1
chr20	34195517	34195567	1
chr7	26693396	26693446	0
chr5	90354604	90354654	1
chr7	138144481	138144531	1
chr5	140372655	140372705	1
chr12	54560474	54560524	1
chr5	55575952	55576002	1
chr15	66944773	66944823	1
chr7	73879389	73879439	1
chr7	20784514	20784564	1
chr12	71105719	71105769	1
chr17	29836012	29836062	1
chr20	50331792	50331842	1
chr15	71185475	71185525	0
chr3	16939225	16939275	1
chr18	75414696	75414746	1
chr2	12190742	12190792	1
chr10	121855682	121855732	1
chr5	150226832	150226882	0
chr6	55692699	55692749	0
chr7	108493837	108493887	1
chr7	19891246	19891296	1
chr7	75719147	75719197	1
chr3	12894872	12894922	1
chr19	13733642	13733692	1
chr21	16920062	16920112	1
chr17	43978480	43978530	1
chr8	132378204	132378254	1
chr14	73393032	73393082	1
chr20	14859834	14859884	1
chr5	14664186	14664236	1
chr5	127457613	127457663	1
chr6	108533012	108533062	1
chr17	59276947	59276997	1
chr20	44501528	44501578	1
chr6	42420511	42420561	1
chr1	95561457	95561507	1
chr2	236504237	236504287	0
chr3	72987946	72987996	1
chr16	12009998	12010048	0
chr16	68001384	68001434	1
chr3	124505772	124505822	1
chr6	132147318	132147368	1
chr8	224454	224504	1
chr6	15390711	15390761	0
chr6	126385908	126385958	1
chr9	15511234	15511284	1
chr12	111142709	111142759	0
chr1	116991565	116991615	1
chr17	57518312	57518362	0
chr15	41310833	41310883	1
chr9	115090528	115090578	1
chr17	76870223	76870273	1
chr1	151696322	151696372	1
chr11	84669447	84669497	1
chr5	117475255	117475305	1
chr15	40347576	40347626	0
chr1	217598414	217598464	1
chr12	14667344	14667394	0
chr10	126713371	126713421	1
chr13	109747497	109747547	1
chr12	123402263	123402313	1
chr3	94678082	94678132	0
chr8	101707579	101707629	1
chr5	71228714	71228764	0
chr7	157028874	157028924	1
chr8	99411381	99411431	1
chr9	112852138	112852188	1
chr11	61739267	61739317	1
chr2	36981948	36981998	1
chr7	30375847	30375897	1
chr21	40185491	40185541	1
chr6	13726024	13726074	1
chr16	73301198	73301248	1
chr1	168876408	168876458	1
chr3	118817635	118817685	0
chr8	102600146	102600196	1
chr1	223174266	223174316	1
chr1	27028985	27029035	1
chr20	14035950	14036000	0
chr2	44683311	44683361	1
chr6	1243738	1243788	1
chr15	89714874	89714924	0
chr2	75120290	75120340	1
chr15	83955099	83955149	1
chr1	222763106	222763156	1
chr14	35874650	35874700	1
chr5	1010342	1010392	1
chrX	22693247	22693297	1
chr1	113248086	113248136	1
chr21	45554719	45554769	1
chr2	6056344	6056394	0
chr1	152025193	152025243	0
chr12	58119975	58120025	0
chr7	83278408	83278458	1
chr2	55052175	55052225	1
chr6	107830755	107830805	1
chr14	26092119	26092169	1
chr10	101039357	101039407	1
chr2	40478429	40478479	1
chr14	89704462	89704512	1
chr1	109354617	109354667	1
chr6	149564215	149564265	1
chr8	105089925	105089975	1
chr7	44078969	44079019	1
chr7	99601735	99601785	1
chr5	114709923	114709973	0
chr12	56553325	56553375	1
chr7	112023534	112023584	1
chr19	43702982	43703032	0
chrX	100150516	100150566	0
chr10	72895046	72895096	1
chr6	11428317	11428367	1
chr4	3673741	3673791	1
chr6	131687537	131687587	1
chr11	78808703	78808753	1
chr1	26448646	26448696	1
chr20	18964588	18964638	1
chr2	221092322	221092372	1
chr3	32086956	32087006	1
chr1	168596795	168596845	1
chr14	34770511	34770561	0
chr6	119805996	119806046	1
chr17	41985546	41985596	1
chr19	46172425	46172475	1
chr11	34078704	34078754	1
chr14	55894186	55894236	1
chr5	61988421	61988471	1
chr2	163846269	163846319	1
chr4	106009778	106009828	1
chr8	102769352	102769402	1
chr7	40772989	40773039	1
chr2	100190695	100190745	1
chr12	107368437	107368487	1
chr1	85680585	85680635	1
chr21	36702398	36702448	1
chr10	52548853	52548903	0
chr9	80659191	80659241	1
chr12	107038828	107038878	1
chr3	15797477	15797527	1
chrX	24168261	24168311	1
chr1	193075177	193075227	1
chr11	68530873	68530923	1
chr5	78489756	78489806	1
chr14	34551285	34551335	1
chr1	217139786	217139836	1
chr10	111896965	111897015	0
chr9	35180117	35180167	1
chr8	134885462	134885512	1
chr8	42350033	42350083	1
chr12	56915495	56915545	1
chr16	79338275	79338325	1
chr11	65309337	65309387	1
chr11	29365443	29365493	0
chr2	58109137	58109187	1
chr15	64978492	64978542	0
chr5	123932738	123932788	1
chr21	41690743	41690793	0
chr8	73232211	73232261	0
chr3	195101870	195101920	1
chr17	60130345	60130395	1
chr7	36077044	36077094	1
chr6	1296362	1296412	1
chr8	126540878	126540928	1
chr5	100226217	100226267	1
chr7	27573985	27574035	1
chr8	86879133	86879183	1
chr2	218231599	218231649	1
chr11	115040692	115040742	1
chr15	94791679	94791729	1
chr4	75240601	75240651	1
chr9	15135327	15135377	0
chr6	55607428	55607478	1
chr1	206904333	206904383	1
chr21	27498406	27498456	1
chr9	92218211	92218261	1
chr7	45283569	45283619	1
chr2	240737740	240737790	1
chr16	73077764	73077814	1
chr2	11857012	11857062	1
chr6	134936009	134936059	1
chr12	52348951	52349001	1
chr3	72475750	72475800	1
chr15	99421037	99421087	1
chr10	49571725	49571775	0
chr2	49253787	49253837	1
chr3	185826999	185827049	1
chr15	99322989	99323039	0
chr7	116062521	116062571	1
chr5	150513960	150514010	1
chr9	84219866	84219916	1
chr9	72004798	72004848	0
chr8	102648325	102648375	1
chr4	89066317	89066367	1
chr2	43265806	43265856	1
chr15	73668414	73668464	0
chr4	14881584	14881634	1
chr17	61671369	61671419	1
chr2	213992475	213992525	1
chrX	130809982	130810032	1
chr12	109715852	109715902	1
chr18	70986265	70986315	1
chr2	158682546	158682596	1
chr15	99029169	99029219	1
chr11	46920423	46920473	1
chr18	9639193	9639243	1
chrX	139994932	139994982	1
chr20	56812387	56812437	1
chr12	99047850	99047900	0
chr3	123347269	123347319	1
chr17	73804952	73805002	0
chr7	132515494	132515544	1
chr2	18061286	18061336	1
chr22	30084083	30084133	1
chr17	79031434	79031484	1
chr2	226861036	226861086	1
chr2	39821052	39821102	0
chr17	62224792	62224842	1
chr8	81279257	81279307	1
chr6	617663	617713	0
chr12	76338358	76338408	1
chr3	177800492	177800542	0
chrX	17513354	17513404	1
chr7	26728121	26728171	1
chr1	172154411	172154461	1
chr4	7863227	7863277	1
chr8	134632641	134632691	1
chr12	13280491	13280541	1
chr7	8054230	8054280	1
chr2	43454394	43454444	1
chr7	75698635	75698685	0
chr7	103032691	103032741	1
chr3	145890422	145890472	1
chr15	73093048	73093098	1
chr2	17003168	17003218	1
chrX	67708724	67708774	1
chr22	34371982	34372032	1
chr1	2718290	2718340	1
chr2	72431627	72431677	1
chr6	142622238	142622288	1
chr11	9110931	9110981	1
chr17	38771720	38771770	1
chrX	119883108	119883158	1
chr17	59800948	59800998	1
chr9	131258188	131258238	0
chr12	123069181	123069231	1
chr10	8799878	8799928	1
chr9	136242144	136242194	1
chr14	85940493	85940543	1
chr14	52899440	52899490	1
chr11	82782890	82782940	0
chr15	85473376	85473426	1
chr12	75374470	75374520	1
chr13	26552449	26552499	1
chr14	21159010	21159060	1
chr15	64455564	64455614	1
chrX	100858396	100858446	1
chr5	139944120	139944170	1
chr6	13456163	13456213	1
chr14	64010013	64010063	1
chr2	11653086	11653136	1
chr7	98520522	98520572	1
chr14	57046190	57046240	0
chr14	70133474	70133524	1
chr6	100564918	100564968	1
chr19	18633405	18633455	1
chr6	75994928	75994978	1
chr9	130659635	130659685	1
chr9	5203222	5203272	1
chr20	61165084	61165134	1
chr18	33077956	33078006	0
chr8	108199714	108199764	1
chr21	46221742	46221792	0
chr5	139641096	139641146	1
chr5	132580153	132580203	1
chr6	90085374	90085424	0
chr2	186667860	186667910	1
chr3	178865090	178865140	0
chr8	101730259	101730309	1
chr6	165324980	165325030	1
chr2	27825286	27825336	1
chr8	69611629	69611679	1
chr6	105720663	105720713	1
chr16	3086296	3086346	1
chr7	92835207	92835257	1
chr7	105470972	105471022	1
chr1	186632002	186632052	1
chr19	45927090	45927140	0
chr18	34879603	34879653	1
chr1	42347925	42347975	0
chr14	49945689	49945739	1
chr6	22288075	22288125	1
chr6	126375763	126375813	1
chr8	74226490	74226540	0
chr17	66288656	66288706	1
chr11	72889263	72889313	0
chr5	78831571	78831621	1
chr22	34261315	34261365	1
chr14	102675710	102675760	0
chr13	111152209	111152259	1
chrX	81213515	81213565	0
chr22	29214729	29214779	1
chr20	24998229	24998279	1
chr14	33296112	33296162	0
chr2	33500891	33500941	1
chr2	215285237	215285287	1
chr7	7996553	7996603	1
chr7	44455455	44455505	1
chr5	159743113	159743163	1
chr12	132345411	132345461	1
chr16	65792734	65792784	0
chr14	71570757	71570807	0
chr12	132320012	132320062	0
chr7	132920169	132920219	1
chr12	53024704	53024754	1
chr6	22249319	22249369	1
chr8	89564470	89564520	1
chr16	68670004	68670054	1
chr3	159500990	159501040	1
chr2	150771658	150771708	1
chr3	64228179	64228229	1
chr1	68316611	68316661	1
chr3	65675235	65675285	0
chr7	112102341	112102391	1
chr8	125985439	125985489	1
chr4	184424808	184424858	1
chr1	108068746	108068796	1
chr6	17600453	17600503	0
chr19	56732774	56732824	1
chr12	52637970	52638020	1
chr10	70286592	70286642	1
chr14	32667466	32667516	1
chr10	29607282	29607332	1
chr7	44529477	44529527	0
chr2	74056019	74056069	1
chr21	41686275	41686325	1
chr1	166810419	166810469	1
chr6	149382424	149382474	1
chr12	13214932	13214982	1
chr6	1325978	1326028	1
chr8	104148499	104148549	1
chr8	100812311	100812361	1
chr1	164559648	164559698	1
chr21	17221136	17221186	1
chr3	129427271	129427321	1
chr17	26662467	26662517	1
chr19	38827957	38828007	1
chr21	43729159	43729209	0
chr11	119275776	119275826	1
chr4	89688228	89688278	1
chr2	33637021	33637071	1
chr7	153529399	153529449	0
chr4	31195314	31195364	0
chr10	34130744	34130794	1
chr10	35146926	35146976	1
chr21	40279207	40279257	1
chr6	150451128	150451178	1
chr10	36998462	36998512	1
chr20	55017044	55017094	1
chr3	141345912	141345962	1
chr1	185286855	185286905	1
chr3	30559943	30559993	1
chr12	69393805	69393855	1
chr8	126021491	126021541	1
chr16	30773497	30773547	1
chr7	103798141	103798191	1
chr5	67095716	67095766	1
chr2	184113893	184113943	1
chr11	46848173	46848223	1
chr12	77558412	77558462	0
chr7	33762496	33762546	1
chr16	82538909	82538959	1
chr9	3699938	3699988	1
chr9	132373498	132373548	0
chr12	67479549	67479599	1
chr12	67988818	67988868	1
chr13	82843597	82843647	1
chr8	38617700	38617750	1
chr20	59878935	59878985	1
chr1	193155117	193155167	1
chr1	155618460	155618510	0
chr15	64916085	64916135	1
chr7	142551690	142551740	1
chr16	931282	931332	1
chr17	56052996	56053046	1
chr2	188411781	188411831	1
chr9	107554272	107554322	1
chr9	89178315	89178365	1
chr13	95923712	95923762	1
chr12	6560660	6560710	1
chr10	76951994	76952044	1
chr5	132610339	132610389	1
chr4	36245257	36245307	1
chr2	237953271	237953321	1
chr17	56595685	56595735	1
chr4	141678026	141678076	1
chr11	89982919	89982969	1
chr13	96366871	96366921	1
chr16	2794963	2795013	1
chr3	79700679	79700729	1
chr1	7551337	7551387	1
chr21	16235909	16235959	1
chr1	178506073	178506123	1
chr14	100659260	100659310	0
chr12	123373100	123373150	1
chr1	108661389	108661439	1
chr2	230931858	230931908	0
chr14	96811075	96811125	1
chr7	31593408	31593458	1
chr12	97791195	97791245	1
chr15	81097663	81097713	1
chr13	50940474	50940524	1
chrX	84747855	84747905	1
chr9	115267952	115268002	1
chr2	71127311	71127361	1
chr7	50623750	50623800	1
chr4	687128	687178	1
chr12	92997200	92997250	1
chr6	6662034	6662084	1
chr16	73912698	73912748	0
chr18	47827863	47827913	1
chr5	141977819	141977869	1
chr16	64512390	64512440	1
chr14	52031840	52031890	1
chr3	146400192	146400242	1
chr1	209981640	209981690	1
chr20	46083947	46083997	1
chr3	129204791	129204841	1
chr4	77491701	77491751	1
chr6	12331786	12331836	1
chr21	40454954	40455004	1
chr17	8572710	8572760	1
chr12	124773757	124773807	1
chr11	46384513	46384563	1
chr1	96630349	96630399	1
chr12	50262941	50262991	0
chr6	36302930	36302980	1
chr4	25146663	25146713	0
chr1	206912467	206912517	0
chr13	73677468	73677518	1
chr6	82547796	82547846	1
chrX	96401142	96401192	1
chr2	121049029	121049079	1
chr21	27488806	27488856	1
chr15	99882144	99882194	1
chr6	93004138	93004188	1
chr1	180575114	180575164	1
chr2	54817173	54817223	1
chr7	134129095	134129145	1
chr11	81961254	81961304	1
chr2	203503893	203503943	1
chr10	573616	573666	1
chr4	176458176	176458226	0
chr19	42800342	42800392	0
chr5	141887785	141887835	1
chr7	107842349	107842399	1
chr1	197520836	197520886	1
chr20	55362833	55362883	1
chr6	166303733	166303783	0
chr14	94121585	94121635	0
chr14	69126132	69126182	1
chr12	100948651	100948701	1
chr8	124706151	124706201	0
chr12	38710453	38710503	1
chr1	220595727	220595777	1
chr3	24493303	24493353	1
chr16	23373958	23374008	1
chr18	60382425	60382475	1
chr21	43809856	43809906	1
chr3	25484125	25484175	1
chr1	144941431	144941481	1
chr7	105305413	105305463	1
chr17	65180130	65180180	1
chr8	109260836	109260886	1
chr2	233102991	233103041	1
chr21	38012798	38012848	1
chr3	13319579	13319629	1
chr3	167505440	167505490	1
chr3	4040012	4040062	0
chr7	106875713	106875763	1
chr16	48269749	48269799	1
chr16	90110620	90110670	1
chr17	39933974	39934024	1
chr3	127716964	127717014	1
chr3	160746681	160746731	1
chr2	64069875	64069925	1
chr11	116611781	116611831	1
chr7	12623773	12623823	1
chr6	55268112	55268162	1
chr8	17396462	17396512	1
chr6	125906204	125906254	1
chr6	39265979	39266029	1
chr13	31665420	31665470	1
chr7	1308628	1308678	1
chr5	95130031	95130081	1
chr10	76782213	76782263	0
chr1	151467268	151467318	1
chr17	65437528	65437578	1
chr19	38795747	38795797	1
chr3	23136769	23136819	1
chr4	153528100	153528150	1
chr2	134081756	134081806	1
chr9	102784454	102784504	1
chr10	29311653	29311703	1
chr12	44359348	44359398	1
chr12	79941300	79941350	1
chr8	116215911	116215961	1
chr3	46977071	46977121	1
chr5	139927273	139927323	1
chr9	80263864	80263914	1
chr2	55334720	55334770	1
chr19	10676736	10676786	1
chr12	33560213	33560263	1
chr3	150285973	150286023	1
chr12	80710324	80710374	1
chr1	183232071	183232121	1
chr4	78739316	78739366	1
chr12	18634392	18634442	1
chr10	32576981	32577031	1
chr21	41712412	41712462	1
chr20	18700698	18700748	1
chr1	27480053	27480103	1
chr6	82519428	82519478	1
chr5	172882953	172883003	1
chr8	98594895	98594945	0
chr20	62274053	62274103	1
chr5	75680086	75680136	1
chr11	34754577	34754627	1
chr8	30580578	30580628	1
chr20	58509302	58509352	1
chr16	17410026	17410076	1
chr15	74753555	74753605	1
chr4	146772809	146772859	1
chr2	235935805	235935855	1
chr3	182163365	182163415	1
chr7	359027	359077	1
chr3	15367677	15367727	1
chr10	110151125	110151175	1
chr15	75682281	75682331	1
chr19	17438592	17438642	0
chr11	85539315	85539365	1
chr14	32553152	32553202	1
chr19	30808796	30808846	1
chr9	15485994	15486044	0
chr11	126252534	126252584	1
chr12	58240544	58240594	1
chr3	196594373	196594423	1
chr7	112122871	112122921	1
chr5	133415557	133415607	1
chr20	15246733	15246783	0
chr3	106120723	106120773	1
chr10	64566941	64566991	1
chr3	133172003	133172053	1
chr3	122496062	122496112	1
chr5	174102741	174102791	1
chr8	125192682	125192732	1
chr8	101688965	101689015	0
chr3	5028642	5028692	1
chr2	159047697	159047747	1
chr3	161740579	161740629	1
chrX	39871366	39871416	1
chr1	67896831	67896881	1
chr6	49431078	49431128	1
chr1	78441842	78441892	1
chr9	128035083	128035133	1
chr6	53851930	53851980	1
chr8	83687257	83687307	1
chr3	134488739	134488789	1
chr3	25767490	25767540	1
chr7	89874482	89874532	1
chr3	49195698	49195748	0
chr22	29781779	29781829	1
chr2	220441866	220441916	1
chr7	90054895	90054945	1
chr19	19517905	19517955	0
chr2	101812906	101812956	1
chr3	118959133	118959183	1
chr4	54568813	54568863	1
chr8	65575590	65575640	1
chr9	124595340	124595390	1
chr4	52918107	52918157	1
chr20	46413698	46413748	1
chr19	40059415	40059465	1
chr4	53886104	53886154	1
chr1	178208083	178208133	1
chr18	21324189	21324239	1
chr1	150954872	150954922	1
chr14	105240878	105240928	1
chr11	64851605	64851655	0
chr18	13253707	13253757	1
chr15	85969880	85969930	1
chr14	21945255	21945305	0
chr8	100115195	100115245	1
chr3	161144791	161144841	1
chr10	127203613	127203663	1
chr12	56520107	56520157	0
chr12	1434976	1435026	1
chr9	135547490	135547540	1
chr12	47338078	47338128	0
chr19	39205327	39205377	1
chr1	87161234	87161284	1
chr18	11689080	11689130	1
chrX	131119774	131119824	1
chr19	36422376	36422426	1
chr7	45788818	45788868	0
chr4	44159917	44159967	1
chr8	130463332	130463382	1
chr16	54961224	54961274	1
chr15	81702784	81702834	0
chr10	75385795	75385845	1
chrUn_gl000219	99828	99878	0
chr8	123877145	123877195	1
chr12	122501055	122501105	1
chr12	44199039	44199089	1
chr10	115284153	115284203	1
chr3	104882	104932	1
chr9	128212082	128212132	1
chr14	82000525	82000575	1
chr7	158060155	158060205	1
chr10	8736287	8736337	1
chr9	91002459	91002509	1
chr1	65883575	65883625	1
chr4	112913108	112913158	1
chr4	87582719	87582769	1
chr2	151085709	151085759	1
chr14	50241035	50241085	1
chr5	127213542	127213592	1
chr5	57755848	57755898	0
chr6	10613514	10613564	1
chr12	112464903	112464953	1
chrX	132188885	132188935	1
chr11	125299123	125299173	1
chr8	100721853	100721903	1
chr10	34926813	34926863	1
chr8	120676239	120676289	1
chr20	20840998	20841048	0
chr20	9100480	9100530	1
chr3	188023137	188023187	1
chr10	29824408	29824458	1
chr1	5748651	5748701	1
chr2	103104771	103104821	1
chr1	240042758	240042808	1
chr1	241161909	241161959	1
chr13	62601836	62601886	1
chr4	40625176	40625226	1
chr7	31168869	31168919	1
chr1	183250764	183250814	0
chr8	116554163	116554213	1
chr12	94071009	94071059	1
chr1	188610846	188610896	1
chr5	88260988	88261038	1
chr13	42803612	42803662	1
chr3	168867327	168867377	0
chr10	62185320	62185370	1
chr19	12274569	12274619	1
chr2	74640149	74640199	1
chr15	56210193	56210243	0
chr20	50419961	50420011	1
chr19	47428688	47428738	1
chr17	47392986	47393036	0
chr2	157440970	157441020	1
chr1	108464004	108464054	1
chr8	134731195	134731245	1
chr10	117424447	117424497	1
chr9	14616543	14616593	0
chr21	16494279	16494329	1
chr1	150459767	150459817	0
chr15	88421633	88421683	1
chr10	74452810	74452860	1
chr3	182697318	182697368	1
chr7	121944808	121944858	1
chr3	128880392	128880442	1
chrX	15586556	15586606	0
chr6	45982776	45982826	1
chr17	73379201	73379251	1
chr16	85557463	85557513	1
chr19	10946236	10946286	1
chr9	22104008	22104058	1
chr1	160577062	160577112	0
chr4	56915991	56916041	1
chr20	52687106	52687156	1
chr20	52230039	52230089	1
chr5	54455703	54455753	0
chr5	17145347	17145397	1
chr7	111493398	111493448	1
chr14	98715943	98715993	1
chr2	28422916	28422966	1
chr7	90040942	90040992	1
chr19	38549190	38549240	1
chr16	89557906	89557956	1
chr19	46144679	46144729	1
chr14	35370262	35370312	1
chr2	236478963	236479013	1
chrX	10918747	10918797	1
chr9	130098881	130098931	1
chr14	96127165	96127215	1
chr16	81170725	81170775	1
chr6	157313170	157313220	1
chr10	114840736	114840786	1
chr16	87901266	87901316	1
chr16	3660973	3661023	1
chr2	29140807	29140857	1
chr10	116286688	116286738	1
chr1	215777127	215777177	1
chr17	29700299	29700349	1
chr21	30754503	30754553	1
chr16	11886783	11886833	1
chr2	153572645	153572695	1
chr9	139620266	139620316	1
chr12	47233960	47234010	1
chrX	131433812	131433862	1
chr9	129838469	129838519	1
chr3	71160267	71160317	1
chr16	2526964	2527014	1
chr2	144891788	144891838	1
chr1	246772108	246772158	1
chr21	32901774	32901824	1
chr20	9274947	9274997	1
chr19	10612789	10612839	1
chr15	87099431	87099481	1
chr17	28038091	28038141	1
chr17	47937671	47937721	0
chr5	44263655	44263705	1
chr6	7560105	7560155	1
chr12	56013552	56013602	0
chr2	132357770	132357820	1
chr13	74316300	74316350	1
chr20	39707144	39707194	0
chr9	110893439	110893489	1
chr1	150670098	150670148	1
chr7	3615884	3615934	1
chr2	37311360	37311410	1
chr9	97685368	97685418	1
chr15	99401186	99401236	1
chr2	228088726	228088776	1
chr17	76992213	76992263	1
chr15	64386200	64386250	1
chr6	80165283	80165333	1
chr3	189042590	189042640	1
chr16	25189068	25189118	1
chr8	117355384	117355434	1
chr2	152266434	152266484	1
chr17	55665531	55665581	1
chr1	236687769	236687819	0
chr2	138721768	138721818	1
chr11	66764529	66764579	1
chr14	102529641	102529691	0
chrX	142209362	142209412	1
chr19	1254770	1254820	1
chr2	179058384	179058434	1
chr1	218879322	218879372	1
chr5	72174809	72174859	0
chr11	115558816	115558866	1
chr3	101670408	101670458	1
chr10	116582738	116582788	1
chr7	73246675	73246725	1
chr17	17844025	17844075	1
chr7	85183753	85183803	0
chr5	175281690	175281740	1
chr1	170084139	170084189	1
chr22	31030550	31030600	0
chr2	201728769	201728819	0
chr2	191364156	191364206	1
chr15	70261988	70262038	1
chr13	27412315	27412365	0
chr17	16004445	16004495	1
chr14	37583385	37583435	1
chr5	16542650	16542700	1
chr1	193028658	193028708	1
chr1	220510917	220510967	1
chr2	66480385	66480435	1
chr1	101754138	101754188	0
chr16	49995149	49995199	1
chr13	113366279	113366329	1
chr14	34100917	34100967	1
chr9	89054985	89055035	1
chr7	42131451	42131501	1
chr12	84559991	84560041	1
chr10	70748555	70748605	0
chr16	46796693	46796743	1
chr8	30290791	30290841	1
chr9	98931844	98931894	1
chr5	124833919	124833969	1
chr1	17625233	17625283	1
chr14	68925958	68926008	1
chr7	88753452	88753502	1
chr14	37482002	37482052	1
chr6	137061503	137061553	1
chr14	66096174	66096224	1
chr9	71908203	71908253	1
chr6	152589556	152589606	0
chr22	18122371	18122421	1
chr8	91901091	91901141	1
chr2	134255343	134255393	1
chr5	54507161	54507211	1
chr7	38310754	38310804	1
chr10	91402275	91402325	1
chr1	62707474	62707524	1
chr19	18852744	18852794	1
chr6	113755129	113755179	1
chr8	99687518	99687568	1
chr16	80058070	80058120	1
chr20	49190121	49190171	1
chr4	77129700	77129750	1
chr15	81567417	81567467	1
chr6	74346167	74346217	1
chr3	8456583	8456633	1
chr3	14863854	14863904	1
chr1	150336078	150336128	1
chr17	80189854	80189904	1
chr20	45985408	45985458	1
chr13	92831638	92831688	1
chr21	36626308	36626358	1
chr9	22129530	22129580	1
chr21	40443812	40443862	1
chr7	104400970	104401020	1
chr17	7186374	7186424	1
chr7	100711496	100711546	1
chr6	39625360	39625410	1
chr21	24228101	24228151	1
chr15	69582015	69582065	1
chr2	225233906	225233956	0
chr13	107128480	107128530	1
chr14	102276260	102276310	1
chr3	101522186	101522236	0
chr2	38818558	38818608	1
chr6	38404934	38404984	1
chr3	32599321	32599371	1
chr1	161391406	161391456	1
chr12	48921320	48921370	1
chr1	168735950	168736000	1
chr16	85499612	85499662	1
chr10	75173163	75173213	1
chr7	75706941	75706991	1
chr18	48149353	48149403	1
chr1	109841339	109841389	1
chr12	97814035	97814085	1
chr20	20529518	20529568	1
chr5	865677	865727	1
chr3	143862939	143862989	1
chr1	12603753	12603803	1
chr8	70404668	70404718	1
chr16	83987953	83988003	1
chr19	18117813	18117863	1
chr7	56225059	56225109	1
chr8	91593795	91593845	1
chrX	9757131	9757181	1
chr10	1020029	1020079	1
chr2	164028711	164028761	1
chr14	42130891	42130941	1
chr6	17116425	17116475	1
chr5	105648215	105648265	1
chr17	47585895	47585945	1
chr16	72958940	72958990	1
chr18	43382941	43382991	1
chr11	117173902	117173952	1
chr8	102952863	102952913	1
chr12	46518093	46518143	1
chr3	159590335	159590385	1
chr21	44999013	44999063	1
chr6	23517296	23517346	1
chr15	74449363	74449413	1
chr15	33299626	33299676	0
chr11	76799804	76799854	1
chr17	59434270	59434320	0
chr2	166731112	166731162	0
chr6	143381377	143381427	1
chr20	8186850	8186900	1
chr12	57119082	57119132	0
chr15	83559632	83559682	1
chr15	96919601	96919651	1
chr15	88694077	88694127	1
chr15	68318504	68318554	1
chr11	64546393	64546443	0
chr2	103220547	103220597	1
chr12	53445072	53445122	1
chr14	103460029	103460079	1
chr5	113998797	113998847	1
chr1	71927255	71927305	1
chr8	70381340	70381390	1
chr16	16195648	16195698	1
chr17	63529965	63530015	1
chr15	36799138	36799188	1
chr7	93925258	93925308	0
chr5	21201173	21201223	1
chr12	79452441	79452491	1
chr6	89545127	89545177	1
chr16	73010530	73010580	1
chr16	12667803	12667853	0
chr12	112081285	112081335	1
chr7	65372707	65372757	1
chr12	26185813	26185863	1
chr10	29554314	29554364	1
chr5	134977612	134977662	0
chr16	11292835	11292885	1
chr16	88685033	88685083	1
chr5	24634004	24634054	0
chr10	109374506	109374556	1
chr4	15446746	15446796	1
chr18	45660300	45660350	1
chr5	77961876	77961926	1
chr2	71871262	71871312	1
chr1	83568454	83568504	1
chr6	23017070	23017120	1
chr1	114723196	114723246	1
chr2	161609801	161609851	1
chr19	8523447	8523497	1
chr11	32125111	32125161	1
chr10	62896098	62896148	1
chr15	99847274	99847324	1
chr5	66390732	66390782	1
chr16	78693539	78693589	1
chr11	47270830	47270880	1
chr10	19083290	19083340	1
chr15	91974674	91974724	1
chr6	139908860	139908910	1
chr6	55053140	55053190	1
chr13	103250238	103250288	1
chr13	39255745	39255795	1
chr9	35426837	35426887	1
chr16	72978923	72978973	1
chr15	90471721	90471771	1
chr4	91746230	91746280	1
chr9	36575817	36575867	1
chr22	46847001	46847051	1
chr2	46319641	46319691	1
chr3	66532263	66532313	1
chr2	161285926	161285976	0
chr10	9154198	9154248	1
chr2	82715864	82715914	1
chr3	24681942	24681992	0
chr4	55575775	55575825	1
chr2	37113015	37113065	1
chr3	187754418	187754468	1
chr3	156294775	156294825	1
chr9	88040224	88040274	0
chr9	124370049	124370099	1
chr10	74877846	74877896	1
chr12	81105917	81105967	1
chr1	218671454	218671504	1
chr6	144643335	144643385	1
chr4	20594419	20594469	1
chr8	115103214	115103264	0
chr8	117000259	117000309	1
chr1	24867676	24867726	1
chr18	32559337	32559387	1
chr7	111370750	111370800	0
chr11	27223671	27223721	1
chr11	47544970	47545020	1
chr5	76606766	76606816	1
chr6	8064707	8064757	1
chr1	24742461	24742511	1
chr1	113007262	113007312	1
chr14	42168837	42168887	1
chr10	63710729	63710779	1
chr5	55787111	55787161	1
chr7	150810817	150810867	1
chr7	140281589	140281639	1
chr2	11671267	11671317	1
chr14	38058005	38058055	1
chr14	76522925	76522975	1
chr1	182931790	182931840	0
chr8	127636835	127636885	1
chr6	22924273	22924323	1
chr6	132144665	132144715	1
chr1	235011487	235011537	1
chr5	117488192	117488242	1
chr12	118710316	118710366	1
chr1	150944042	150944092	1
chr1	205909051	205909101	0
chr2	238602392	238602442	1
chr1	245925857	245925907	1
chr10	126833321	126833371	1
chr18	19624671	19624721	1
chr6	157991381	157991431	1
chr20	44420456	44420506	0
chr11	86282813	86282863	1
chr7	26893575	26893625	0
chr15	51791740	51791790	0
chr4	24475270	24475320	1
chr7	16975308	16975358	1
chrX	132190626	132190676	1
chr5	44056631	44056681	1
chr6	42532940	42532990	1
chr3	19030906	19030956	1
chr7	142146118	142146168	0
chr5	36242153	36242203	1
chr12	12870249	12870299	1
chr13	52028107	52028157	1
chr8	19315710	19315760	1
chr15	95023821	95023871	1
chr10	126723881	126723931	1
chr9	2022699	2022749	1
chr1	117360286	117360336	1
chr4	183846646	183846696	0
chr11	65148446	65148496	0
chr6	39835564	39835614	0
chr10	30530220	30530270	0
chr14	74226557	74226607	1
chr1	201528937	201528987	0
chr17	63290460	63290510	0
chrX	69353234	69353284	0
chr15	34058705	34058755	0
chr14	106642666	106642716	0
chr15	52432197	52432247	0
chr2	88487629	88487679	0
chr9	139923367	139923417	0
chr12	101808477	101808527	0
chr9	1434212	1434262	0
chr7	149322766	149322816	0
chr5	50258923	50258973	0
chr10	127387379	127387429	0
chr7	30948444	30948494	1
chr12	89923685	89923735	0
chr20	4205148	4205198	0
chr5	180616091	180616141	1
chr1	244386393	244386443	0
chr13	50656066	50656116	0
chr7	64720813	64720863	0
chr11	45676958	45677008	0
chr5	37838373	37838423	1
chr10	71560998	71561048	0
chr7	111403673	111403723	1
chr19	10613186	10613236	1
chr2	63771334	63771384	1
chr9	34562314	34562364	1
chr7	149675740	149675790	0
chr5	117964850	117964900	0
chr22	19953724	19953774	0
chr1	16142180	16142230	0
chr15	68608984	68609034	0
chr7	143084815	143084865	1
chr17	42018119	42018169	0
chr5	129235319	129235369	0
chr13	77576892	77576942	0
chr2	216601596	216601646	0
chr12	122065135	122065185	1
chr6	16762950	16763000	0
chr7	31768989	31769039	0
chr2	171153684	171153734	0
chr5	80488326	80488376	0
chr8	48649408	48649458	0
chr14	107012843	107012893	0
chr1	220011239	220011289	0
chr1	32181395	32181445	0
chr17	72683122	72683172	1
chr17	29044153	29044203	1
chr1	53370687	53370737	0
chr7	121187723	121187773	0
chr3	13202598	13202648	0
chr20	9818682	9818732	0
chr8	141400965	141401015	0
chr6	90889102	90889152	0
chr5	127211326	127211376	0
chr12	82752553	82752603	0
chr7	144867169	144867219	0
chr2	231003077	231003127	1
chrX	77963873	77963923	0
chr10	99223545	99223595	0
chrX	68713173	68713223	0
chr11	5574742	5574792	1
chrX	48370097	48370147	0
chr14	22508675	22508725	0
chr5	7436784	7436834	0
chr1	25176347	25176397	0
chr8	120221687	120221737	1
chr13	99083533	99083583	0
chr9	107625675	107625725	0
chr15	40567066	40567116	0
chr2	175874834	175874884	0
chr8	37016968	37017018	1
chr8	144373425	144373475	0
chr7	36025022	36025072	1
chr1	168679527	168679577	0
chr10	73950190	73950240	0
chrX	41619244	41619294	0
chr20	55797351	55797401	0
chr2	5765818	5765868	1
chr7	142135227	142135277	0
chr5	64372325	64372375	0
chr5	102855420	102855470	0
chr15	52970386	52970436	0
chr3	33729076	33729126	0
chr5	135065346	135065396	0
chr5	85600951	85601001	0
chr2	12003910	12003960	0
chr5	133625388	133625438	0
chr1	152416622	152416672	0
chr4	75242765	75242815	0
chr2	162803209	162803259	0
chr2	149955992	149956042	0
chr20	39790656	39790706	0
chr3	27788506	27788556	0
chr15	95213835	95213885	0
chr20	40523807	40523857	0
chr12	57505485	57505535	1
chr4	7878009	7878059	0
chr16	89477336	89477386	1
chr11	2058267	2058317	0
chr5	139485895	139485945	1
chr1	185664612	185664662	0
chr15	27410909	27410959	1
chr2	171729879	171729929	0
chr1	7048087	7048137	1
chr5	177551573	177551623	0
chr15	101555553	101555603	0
chr15	47488344	47488394	0
chr15	39283503	39283553	0
chr1	163285744	163285794	0
chr3	1145384	1145434	0
chr2	21540183	21540233	0
chr15	44067783	44067833	0
chr17	75817312	75817362	0
chrX	107213446	107213496	0
chr10	44834908	44834958	1
chrX	47428467	47428517	0
chr12	29151934	29151984	0
chr2	102841996	102842046	1
chr9	139522001	139522051	0
chr10	25315598	25315648	0
chr9	100459259	100459309	1
chr10	135071345	135071395	1
chr14	93799590	93799640	0
chr5	174508782	174508832	1
chr8	144614423	144614473	0
chr18	73403617	73403667	0
chr7	68868332	68868382	0
chr17	80855458	80855508	1
chr16	68772261	68772311	0
chr10	14438712	14438762	1
chr14	24777459	24777509	0
chr4	73192588	73192638	0
chr12	100798730	100798780	0
chr2	100938921	100938971	0
chr11	122925155	122925205	0
chr17	55749416	55749466	0
chr4	155466979	155467029	1
chr19	39888441	39888491	0
chr15	74415452	74415502	1
chr8	142148095	142148145	0
chr7	115316312	115316362	0
chr11	64085489	64085539	1
chr7	93919925	93919975	1
chr11	75087416	75087466	0
chr8	119427357	119427407	0
chr8	110651984	110652034	0
chr17	39643199	39643249	0
chr17	53900090	53900140	1
chr1	75237778	75237828	0
chr5	158868625	158868675	0
chr14	106465994	106466044	0
chr2	242640778	242640828	0
chr9	124132825	124132875	0
chr3	39765865	39765915	0
chr21	38592929	38592979	1
chr16	21313129	21313179	0
chr11	36768753	36768803	0
chr22	41214973	41215023	0
chr6	27759998	27760048	0
chr9	94496819	94496869	0
chr6	20789551	20789601	0
chr10	48384903	48384953	0
chr9	21183243	21183293	0
chr1	19210800	19210850	0
chr16	3062203	3062253	0
chr1	215700063	215700113	0
chr2	114557102	114557152	0
chr18	56197140	56197190	0
chr4	1750536	1750586	0
chr21	34733273	34733323	0
chrX	3730239	3730289	1
chr5	60643168	60643218	0
chr18	9722810	9722860	0
chr17	72858512	72858562	0
chr1	144865224	144865274	0
chr5	810484	810534	1
chr22	35746881	35746931	0
chr10	68685728	68685778	0
chr4	84692433	84692483	0
chr17	73625593	73625643	0
chr3	173450992	173451042	0
chr4	47465574	47465624	0
chr2	231968966	231969016	1
chr1	86981427	86981477	0
chr14	41854356	41854406	1
chr2	228797275	228797325	0
chr3	189685223	189685273	0
chr20	8000101	8000151	0
chr11	35843824	35843874	0
chr2	10898022	10898072	1
chr16	67697639	67697689	0
chr14	77767552	77767602	0
chr7	132532915	132532965	1
chr7	30452815	30452865	0
chr12	111639007	111639057	0
chr10	100508217	100508267	0
chr7	106532150	106532200	0
chr11	118478639	118478689	0
chr2	26683266	26683316	0
chr3	185811471	185811521	0
chr7	132003660	132003710	0
chr1	204776228	204776278	0
chr9	132500262	132500312	0
chr17	52977897	52977947	1
chr15	23887719	23887769	0
chr11	62380066	62380116	0
chr2	230933087	230933137	0
chrX	142837810	142837860	0
chr9	140779990	140780040	0
chr3	184788457	184788507	0
chr1	104003978	104004028	0
chr10	101945252	101945302	1
chr3	142650272	142650322	0
chr3	10416139	10416189	0
chr17	42245959	42246009	0
chr12	6861551	6861601	1
chr20	61053354	61053404	0
chr6	132714100	132714150	0
chr3	139654156	139654206	0
chr20	19192642	19192692	0
chr10	50747170	50747220	1
chr2	18559472	18559522	0
chr1	160189535	160189585	0
chr2	198243280	198243330	1
chr7	2387785	2387835	0
chr6	168200159	168200209	1
chr1	163041743	163041793	0
chr5	94186041	94186091	1
chr4	72055355	72055405	1
chr1	231908862	231908912	1
chr8	99559281	99559331	1
chr16	68663608	68663658	0
chr6	151727345	151727395	0
chr2	159036335	159036385	0
chr11	15298330	15298380	0
chr15	89954863	89954913	0
chr7	139025911	139025961	1
chr10	12824613	12824663	0
chr1	215197368	215197418	1
chr5	140819087	140819137	1
chr7	42111783	42111833	1
chr12	27805262	27805312	0
chr3	120050165	120050215	0
chr8	105265897	105265947	1
chr14	93752394	93752444	1
chr1	40167687	40167737	0
chr15	42196877	42196927	0
chr11	36063725	36063775	0
chr7	107384028	107384078	0
chr3	38692869	38692919	0
chr7	124303154	124303204	0
chr14	37117304	37117354	0
chr9	135287686	135287736	0
chr9	129393706	129393756	1
chr9	128246368	128246418	0
chr14	106765390	106765440	0
chr17	46338813	46338863	0
chr10	125341805	125341855	0
chr5	134887695	134887745	0
chrX	141177157	141177207	0
chr9	35727065	35727115	0
chr18	13139928	13139978	0
chr7	135389025	135389075	0
chr5	137688171	137688221	0
chr11	17526280	17526330	0
chr1	38966119	38966169	0
chr17	17946965	17947015	0
chr16	90281874	90281924	0
chr7	9304212	9304262	1
chr3	115503492	115503542	0
chr8	122333663	122333713	1
chr2	192096812	192096862	0
chr22	22001156	22001206	0
chrX	102431465	102431515	0
chr6	119655044	119655094	1
chr1	206718279	206718329	0
chr19	12903342	12903392	1
chr3	107150797	107150847	0
chr7	157069000	157069050	0
chr10	54489441	54489491	0
chr10	114067784	114067834	0
chr2	75092728	75092778	0
chr2	203693581	203693631	0
chr7	131924350	131924400	0
chr2	80087866	80087916	0
chr13	93769233	93769283	0
chr17	13044166	13044216	1
chr13	73796933	73796983	0
chr6	67822044	67822094	1
chr18	24229839	24229889	0
chr15	38766505	38766555	0
chr2	72377635	72377685	0
chr16	69971481	69971531	0
chr9	19457581	19457631	0
chr1	919681	919731	0
chr9	10479376	10479426	0
chr17	62772954	62773004	0
chr21	22536393	22536443	0
chr5	138728407	138728457	0
chr4	4996998	4997048	0
chr10	55213187	55213237	1
chr16	33798459	33798509	0
chr2	233198249	233198299	0
chr6	2988499	2988549	1
chr1	179851834	179851884	1
chr6	37333693	37333743	0
chr5	101313617	101313667	0
chr21	47841155	47841205	1
chr7	137983073	137983123	0
chr2	196525181	196525231	0
chr12	54793236	54793286	0
chr11	123382106	123382156	0
chr6	124287227	124287277	0
chr1	156882714	156882764	0
chr1	76457365	76457415	0
chr21	27235001	27235051	0
chr20	56785016	56785066	0
chr5	134793321	134793371	0
chr21	17454922	17454972	0
chr2	32944101	32944151	1
chr17	55485845	55485895	1
chr3	159536208	159536258	1
chr22	30168419	30168469	0
chr18	61912034	61912084	1
chr8	22431996	22432046	0
chr12	51441664	51441714	0
chr14	70659842	70659892	1
chr21	27268219	27268269	0
chr1	91492466	91492516	0
chr12	49208581	49208631	0
chr6	35704252	35704302	0
chr13	22830544	22830594	0
chr4	113249184	113249234	0
chr1	114825593	114825643	0
chr8	71520489	71520539	0
chr5	87077111	87077161	0
chr10	27735143	27735193	0
chr8	37761572	37761622	1
chr17	77105825	77105875	0
chr4	132998046	132998096	1
chr3	103513726	103513776	0
chr10	60941600	60941650	0
chr4	9497282	9497332	0
chr17	74295103	74295153	0
chr19	11236932	11236982	0
chr14	68171351	68171401	0
chr16	9573035	9573085	0
chr11	124958967	124959017	0
chr3	87553215	87553265	0
chr9	103881669	103881719	0
chr11	58974264	58974314	0
chr8	133206249	133206299	0
chrX	99201864	99201914	1
chr19	51396530	51396580	0
chr20	61491833	61491883	0
chr18	48346426	48346476	0
chr4	119955892	119955942	0
chr16	2202789	2202839	0
chr1	216285355	216285405	0
chr5	175843617	175843667	0
chr19	34489817	34489867	0
chr8	49084850	49084900	0
chr6	108581911	108581961	1
chr11	121523821	121523871	0
chr3	196983880	196983930	0
chr1	204593273	204593323	0
chr2	200838599	200838649	0
chr3	58810096	58810146	0
chr4	55536122	55536172	0
chr1	118696932	118696982	1
chr9	4225934	4225984	0
chr2	204973143	204973193	0
chr7	142636820	142636870	0
chr20	29591692	29591742	0
chr15	32951495	32951545	1
chr10	24672699	24672749	0
chr3	193964128	193964178	1
chr2	121433268	121433318	0
chr11	9406717	9406767	0
chr5	131755489	131755539	0
chr4	153020876	153020926	0
chr5	167009433	167009483	0
chr8	145909845	145909895	0
chr17	49021718	49021768	0
chr2	178623722	178623772	0
chr11	84511963	84512013	0
chr9	2336247	2336297	0
chr1	226071789	226071839	0
chr7	104654089	104654139	0
chr15	22970277	22970327	1
chr8	99142423	99142473	0
chr1	246425111	246425161	0
chr14	64932678	64932728	1
chr1	205779788	205779838	0
chr2	84799784	84799834	1
chr17	48217394	48217444	0
chr7	18630542	18630592	0
chr9	44227425	44227475	0
chr7	33945194	33945244	0
chr5	102310046	102310096	0
chr1	210316983	210317033	0
chr9	13689165	13689215	0
chr12	54223142	54223192	0
chr2	213413318	213413368	0
chr2	143792115	143792165	0
chr16	75466933	75466983	0
chr2	112425235	112425285	1
chr2	85764936	85764986	0
chr15	79511114	79511164	0
chr17	45889748	45889798	0
chr14	95899577	95899627	0
chr17	7124355	7124405	0
chr14	75372536	75372586	0
chr17	76133560	76133610	0
chr16	85665812	85665862	0
chr5	141521233	141521283	1
chr6	20127124	20127174	0
chr11	76518609	76518659	0
chr15	51178294	51178344	0
chr1	238102018	238102068	0
chr4	87817060	87817110	0
chr16	66751085	66751135	0
chr9	127082749	127082799	0
chr10	93058161	93058211	0
chr8	66948889	66948939	0
chr2	235459334	235459384	0
chr9	36866986	36867036	0
chr1	66708529	66708579	0
chr3	63893944	63893994	0
chr8	27104950	27105000	0
chr19	11493586	11493636	0
chr5	78487457	78487507	0
chr8	25946319	25946369	0
chr16	50244603	50244653	0
chr4	8689995	8690045	1
chr2	47995193	47995243	0
chr20	22314963	22315013	0
chr6	36514748	36514798	0
chr1	39494324	39494374	0
chr21	16925597	16925647	0
chr2	48541490	48541540	1
chr17	34091230	34091280	0
chr9	104554392	104554442	0
chr5	142382768	142382818	0
chr4	184642694	184642744	1
chrX	7066381	7066431	1
chr14	93673400	93673450	0
chr7	83862197	83862247	0
chr3	5347230	5347280	0
chr17	78313169	78313219	0
chr14	24058349	24058399	0
chr12	122393826	122393876	0
chr7	77428599	77428649	1
chr6	51424023	51424073	0
chr6	73122079	73122129	0
chr14	99167173	99167223	0
chr2	219844668	219844718	0
chr1	201118692	201118742	0
chr8	94468441	94468491	0
chr7	28962406	28962456	0
chr3	52941679	52941729	0
chr16	66994969	66995019	1
chr8	80677615	80677665	0
chr12	13365176	13365226	0
chr5	53444038	53444088	1
chr16	56677519	56677569	1
chr11	8285508	8285558	0
chr5	140718185	140718235	1
chr3	62517441	62517491	1
chr10	79789383	79789433	0
chr22	22901687	22901737	0
chrX	118315609	118315659	0
chr10	134275436	134275486	1
chr16	78088109	78088159	0
chr7	18316226	18316276	0
chr4	131729829	131729879	0
chr11	3131510	3131560	0
chr17	75592573	75592623	0
chr14	25876119	25876169	0
chr9	137631134	137631184	0
chr15	23908547	23908597	0
chr4	169786254	169786304	0
chr2	152050246	152050296	0
chr4	5806488	5806538	0
chr4	107958461	107958511	0
chr1	45012613	45012663	1
chr5	38258992	38259042	1
chr4	184761549	184761599	0
chr15	70021663	70021713	0
chr4	163880413	163880463	0
chrUn_gl000212	127889	127939	0
chr17	17384589	17384639	1
chr4	94120904	94120954	0
chr22	41633700	41633750	0
chr17	70525663	70525713	0
chr4	69042423	69042473	1
chr2	48338452	48338502	0
chr3	119337931	119337981	1
chr10	31909398	31909448	0
chrX	77165987	77166037	0
chr17	45078652	45078702	0
chr2	206545047	206545097	1
chr8	140108726	140108776	0
chr3	53264125	53264175	0
chr4	86396127	86396177	0
chr1	89449697	89449747	0
chr8	144025114	144025164	0
chr10	72639943	72639993	0
chr18	67512980	67513030	1
chr7	50747122	50747172	0
chr4	78124923	78124973	0
chr13	40720383	40720433	0
chr9	115555669	115555719	0
chr10	25928747	25928797	0
chr9	73034712	73034762	1
chr2	65492363	65492413	0
chr5	172124668	172124718	0
chr12	52644306	52644356	0
chr2	227994680	227994730	0
chr7	78950560	78950610	1
chr3	674434	674484	0
chr1	11898879	11898929	0
chr19	5052656	5052706	0
chr3	89577053	89577103	0
chr3	70113502	70113552	0
chr13	32802567	32802617	0
chr15	75133574	75133624	1
chr1	183885270	183885320	0
chr4	184021107	184021157	0
chr11	64614736	64614786	0
chr18	74771653	74771703	0
chr10	45804377	45804427	0
chr2	20426279	20426329	1
chr1	1610493	1610543	0
chr1	229367588	229367638	1
chr2	50371593	50371643	0
chr6	49817443	49817493	0
chr17	70553229	70553279	0
chr7	51496089	51496139	0
chr7	149580654	149580704	0
chr16	81400111	81400161	0
chr3	148991096	148991146	0
chr17	10301813	10301863	1
chr6	38461888	38461938	0
chr3	110678369	110678419	0
chr1	22854547	22854597	0
chr4	17474128	17474178	0
chr17	11826090	11826140	0
chr2	155749006	155749056	1
chr3	150295811	150295861	0
chr7	1481250	1481300	0
chr7	96694456	96694506	0
chr17	69114373	69114423	0
chr17	64558506	64558556	1
chr16	24420537	24420587	0
chr11	72893926	72893976	0
chr6	125635396	125635446	0
chr10	113104755	113104805	0
chr6	42198164	42198214	0
chr2	12044412	12044462	0
chr6	88947976	88948026	0
chr16	1480941	1480991	1
chr9	137335320	137335370	0
chr19	36468521	36468571	0
chr11	64333000	64333050	0
chr3	68981891	68981941	0
chr3	136751431	136751481	0
chr1	38506329	38506379	0
chr7	1126693	1126743	0
chr10	74594155	74594205	0
chr1	220185792	220185842	0
chr12	109242081	109242131	1
chr3	128222099	128222149	0
chr8	38625967	38626017	0
chr20	412274	412324	0
chr3	178161469	178161519	1
chr4	42997521	42997571	0
chr20	44258310	44258360	0
chr16	48387631	48387681	0
chr1	7858519	7858569	0
chr5	137368112	137368162	0
chr4	149061863	149061913	0
chr13	103556174	103556224	0
chr12	56499140	56499190	1
chr8	10682997	10683047	0
chr1	1656115	1656165	0
chr6	14317506	14317556	0
chr10	78744735	78744785	0
chr11	46139568	46139618	0
chr3	109450907	109450957	0
chr8	105342254	105342304	0
chr1	9188873	9188923	0
chr11	67054213	67054263	0
chr4	6919508	6919558	1
chr14	56889481	56889531	0
chr14	22314617	22314667	0
chr2	40715319	40715369	0
chr3	64007696	64007746	1
chr5	59020497	59020547	0
chr8	103047713	103047763	1
chr2	112048152	112048202	0
chr1	232002576	232002626	0
chr15	97293762	97293812	0
chr20	61855944	61855994	0
chr10	49857872	49857922	1
chr11	115860820	115860870	1
chr1	51554310	51554360	0
chr5	92377736	92377786	1
chr9	140509200	140509250	0
chr16	70804683	70804733	1
chr9	111598678	111598728	0
chr17	31616142	31616192	0
chr15	77925800	77925850	1
chr10	121485190	121485240	0
chr4	104724113	104724163	0
chr19	39360621	39360671	0
chr12	44351712	44351762	0
chr5	17132793	17132843	0
chr17	41364064	41364114	1
chr3	53876910	53876960	0
chr8	99939133	99939183	1
chr8	21313643	21313693	0
chr7	105173022	105173072	1
chr19	6863741	6863791	0
chr14	74617807	74617857	0
chr9	35162032	35162082	1
chr2	97593666	97593716	0
chr2	46592183	46592233	0
chr4	87417421	87417471	0
chr10	81160389	81160439	0
chr17	4167886	4167936	1
chrX	99940842	99940892	0
chr1	89121544	89121594	0
chr16	157185	157235	0
chr2	163190658	163190708	0
chr18	864948	864998	0
chr6	68949090	68949140	0
chr3	150213527	150213577	0
chr7	51669313	51669363	0
chr15	60028505	60028555	1
chr9	107370790	107370840	0
chr2	63944343	63944393	1
chr17	59490103	59490153	0
chr8	99341234	99341284	0
chr1	15242011	15242061	0
chr9	92213191	92213241	0
chr1	228643566	228643616	0
chr20	7961402	7961452	0
chr9	90499113	90499163	0
chr2	86114909	86114959	0
chr9	136219002	136219052	0
chr9	140470521	140470571	0
chr11	47199090	47199140	1
chr2	20448167	20448217	1
chr8	140225724	140225774	0
chr14	96730332	96730382	0
chr16	11391738	11391788	1
chr16	89767976	89768026	0
chr1	156572669	156572719	1
chr9	137255392	137255442	0
chr7	150942693	150942743	0
chr8	128175997	128176047	1
chrUn_gl000212	101429	101479	0
chr5	74627573	74627623	1
chr7	115890177	115890227	0
chr7	26130731	26130781	0
chr17	50184172	50184222	0
chr12	54997136	54997186	0
chr19	45659913	45659963	0
chr10	4985223	4985273	0
chr20	50859336	50859386	0
chr6	16128961	16129011	1
chr10	4692952	4693002	1
chr15	70780528	70780578	0
chr11	44887648	44887698	0
chr4	10166621	10166671	0
chr1	67461899	67461949	0
chr8	33497853	33497903	0
chr5	140012986	140013036	1
chr1	241774468	241774518	0
chr16	34760753	34760803	0
chr12	93221779	93221829	0
chr22	37562717	37562767	0
chr7	132474172	132474222	0
chr1	45121378	45121428	0
chr19	46677284	46677334	0
chr15	75248638	75248688	0
chr12	116309626	116309676	1
chr3	169345581	169345631	1
chr10	17269425	17269475	0
chr15	88787288	88787338	0
chr22	22028018	22028068	0
chr4	147436293	147436343	1
chr1	151043241	151043291	0
chr12	101221839	101221889	0
chr9	140083464	140083514	1
chr4	55185237	55185287	0
chr8	13050636	13050686	0
chr2	134602017	134602067	0
chr12	48424032	48424082	1
chr9	115708043	115708093	1
chr4	47034803	47034853	0
chr11	76784425	76784475	0
chr12	52317346	52317396	0
chr2	72364751	72364801	0
chr15	91811976	91812026	0
chr4	185089727	185089777	0
chr1	36653470	36653520	0
chr3	14586472	14586522	0
chr7	149722348	149722398	0
chr3	79068058	79068108	1
chr15	102080910	102080960	0
chr9	86238499	86238549	1
chr2	216814854	216814904	0
chrX	93363141	93363191	0
chr8	101586372	101586422	0
chr11	117052151	117052201	0
chr9	93726696	93726746	0
chr15	100651670	100651720	0
chr11	101719167	101719217	0
chr14	30474496	30474546	0
chr1	212004149	212004199	0
chr17	59834004	59834054	0
chr14	106933809	106933859	0
chr11	2952090	2952140	0
chr9	71395191	71395241	1
chr2	136556524	136556574	0
chr12	62653980	62654030	0
chr5	172411434	172411484	0
chr1	184348649	184348699	0
chr8	101554502	101554552	0
chrX	129242817	129242867	1
chr16	70185456	70185506	0
chr1	49283354	49283404	0
chr7	24934641	24934691	0
chr11	71518903	71518953	0
chr6	130703049	130703099	0
chr21	47879040	47879090	0
chr2	178012019	178012069	0
chr17	75204660	75204710	0
chr1	222638859	222638909	0
chr9	135848125	135848175	0
chr14	32721454	32721504	0
chr1	110319614	110319664	0
chr17	7459081	7459131	1
chr13	46626818	46626868	0
chr1	118217777	118217827	0
chr5	30401762	30401812	0
chr18	51654319	51654369	0
chr14	23322799	23322849	0
chr1	6101669	6101719	0
chr9	136063778	136063828	0
chr16	11058031	11058081	0
chr2	25790449	25790499	0
chr1	222628626	222628676	0
chr9	136223806	136223856	0
chr14	90701847	90701897	0
chr8	142637023	142637073	0
chr14	37074829	37074879	0
chr3	54549631	54549681	1
chr2	214111573	214111623	0
chr8	127881782	127881832	0
chr7	155364567	155364617	1
chr9	140301599	140301649	0
chr17	48238992	48239042	0
chr10	83680150	83680200	0
chr10	115837865	115837915	0
chr2	8248276	8248326	0
chr15	21268202	21268252	0
chr14	23590127	23590177	0
chr9	1211603	1211653	0
chrX	16762287	16762337	0
chr7	38491599	38491649	0
chr9	140131050	140131100	0
chr17	42161739	42161789	0
chr3	15900458	15900508	1
chr2	72161176	72161226	0
chr14	50527964	50528014	1
chr9	69162055	69162105	1
chr1	222912184	222912234	0
chr5	318940	318990	1
chr15	41988378	41988428	0
chr5	72512273	72512323	0
chr21	43166185	43166235	1
chr17	26821882	26821932	0
chr14	40173942	40173992	0
chr9	21789585	21789635	0
chr7	65878792	65878842	0
chr4	83476590	83476640	1
chr6	130073151	130073201	0
chr17	10261238	10261288	0
chr1	156163830	156163880	0
chr22	19418554	19418604	0
chr15	45722633	45722683	0
chr16	55978359	55978409	0
chr21	44922477	44922527	1
chr7	84544114	84544164	1
chr6	87646932	87646982	0
chr14	105399889	105399939	0
chr11	62537264	62537314	1
chr6	123003032	123003082	0
chr13	111868736	111868786	0
chr18	44576923	44576973	0
chr6	26253667	26253717	0
chr21	44274958	44275008	1
chr2	72533044	72533094	1
chr12	130663899	130663949	1
chr8	92355935	92355985	0
chr14	22675280	22675330	1
chr6	24283334	24283384	0
chr12	97160168	97160218	1
chr17	73717664	73717714	0
chr7	35560000	35560050	0
chr1	113616292	113616342	0
chr7	89400496	89400546	0
chr12	48264426	48264476	0
chr17	76967520	76967570	0
chr2	177517218	177517268	0
chr12	49736356	49736406	0
chr13	51644343	51644393	0
chr19	8590343	8590393	0
chr9	94422168	94422218	1
chr11	1536885	1536935	0
chr2	180942208	180942258	0
chr14	100773623	100773673	0
chr10	130459159	130459209	0
chr14	66826312	66826362	0
chr8	79305828	79305878	0
chr7	31174239	31174289	0
chr17	530462	530512	1
chr11	22174457	22174507	0
chr20	3869886	3869936	1
chr14	22179756	22179806	0
chr12	26427576	26427626	0
chrX	125132566	125132616	0
chr8	134508804	134508854	0
chr15	40602386	40602436	0
chr3	94312545	94312595	0
chr8	140663509	140663559	0
chr2	110493975	110494025	0
chr7	2103607	2103657	0
chr4	6649781	6649831	0
chr12	53738817	53738867	0
chr1	165227329	165227379	0
chr2	950232	950282	0
chrX	149533768	149533818	0
chr5	67542805	67542855	0
chr15	94774546	94774596	1
chr15	33494278	33494328	0
chr22	19667271	19667321	0
chr10	15251995	15252045	0
chr6	145535797	145535847	0
chr5	16741199	16741249	0
chr13	101404251	101404301	1
chr1	17011417	17011467	0
chr22	40907708	40907758	0
chr14	54947624	54947674	1
chr5	171339309	171339359	0
chr20	43571028	43571078	0
chr18	55626641	55626691	0
chr2	168148945	168148995	1
chr5	102918228	102918278	0
chr11	94630600	94630650	0
chr2	55647050	55647100	0
chrX	47886173	47886223	0
chrX	137008430	137008480	0
chr4	102977069	102977119	1
chr17	63452217	63452267	0
chr12	25726262	25726312	0
chr5	2810886	2810936	1
chr2	27844528	27844578	1
chr1	110331658	110331708	1
chr18	2121336	2121386	1
chr6	53593546	53593596	0
chr5	92174135	92174185	0
chr17	72984256	72984306	0
chr5	76814325	76814375	0
chr15	68675935	68675985	0
chr1	152365418	152365468	0
chr3	87309505	87309555	0
chr15	57372805	57372855	1
chr3	43732109	43732159	1
chr18	29137596	29137646	0
chr14	33901784	33901834	0
chr3	15546675	15546725	0
chr8	64304008	64304058	0
chr14	79314749	79314799	0
chr12	76953409	76953459	0
chr7	39620172	39620222	0
chr13	36662319	36662369	1
chr2	46525983	46526033	1
chr4	166033754	166033804	0
chr5	161675220	161675270	0
chr12	98520636	98520686	0
chr11	115375256	115375306	0
chr12	38536954	38537004	0
chr9	132391082	132391132	1
chr3	155577839	155577889	0
chr20	52816459	52816509	1
chr2	178589562	178589612	0
chr7	12725282	12725332	0
chr5	136227038	136227088	0
chr15	37974674	37974724	0
chr2	171785635	171785685	0
chr14	81053537	81053587	0
chr7	93906299	93906349	0
chr14	36538852	36538902	0
chr3	53879679	53879729	0
chr4	75177591	75177641	0
chr3	75343532	75343582	1
chr22	26419637	26419687	1
chr14	52510606	52510656	0
chr4	78539963	78540013	0
chr3	112250341	112250391	0
chr1	225960162	225960212	0
chr15	49103910	49103960	0
chr1	39724483	39724533	0
chr6	1644535	1644585	0
chr11	79151098	79151148	0
chr5	176212867	176212917	1
chr5	138677434	138677484	0
chr7	130676033	130676083	0
chr1	207108995	207109045	0
chr12	65091967	65092017	0
chr7	35664459	35664509	1
chr1	114521442	114521492	1
chr10	52697461	52697511	0
chr3	108381162	108381212	0
chr12	50368141	50368191	0
chr4	153656646	153656696	0
chr6	42515477	42515527	0
chr2	31360977	31361027	0
chr5	32329629	32329679	0
chr5	61927964	61928014	0
chr8	65608317	65608367	0
chr2	86252504	86252554	1
chr13	20501429	20501479	0
chr3	89098453	89098503	1
chr10	9117547	9117597	0
chr12	94942057	94942107	0
chr18	9859437	9859487	0
chr15	51981239	51981289	0
chr15	62765127	62765177	1
chr12	46466070	46466120	0
chr21	35748010	35748060	0
chr7	133701595	133701645	0
chr2	208339783	208339833	0
chr5	153900646	153900696	0
chr14	22669165	22669215	0
chr7	38579716	38579766	0
chr17	74393462	74393512	0
chr5	113785748	113785798	0
chr10	71674564	71674614	0
chr5	146889426	146889476	1
chr6	88639680	88639730	0
chr18	43460080	43460130	0
chrX	10087730	10087780	0
chr7	21762071	21762121	1
chrX	133160899	133160949	0
chr8	142938081	142938131	0
chr2	66487529	66487579	0
chr7	100926422	100926472	0
chr6	146864575	146864625	0
chr7	13072302	13072352	0
chr16	75285346	75285396	0
chr6	131520974	131521024	0
chr2	25500246	25500296	0
chrX	143671935	143671985	0
chr11	106177854	106177904	0
chr19	45665377	45665427	1
chr12	129015849	129015899	0
chr7	149757751	149757801	0
chr1	43222804	43222854	0
chr1	182374041	182374091	1
chr15	68522504	68522554	0
chr4	26721746	26721796	0
chr11	67043555	67043605	0
chr5	57756721	57756771	0
chr10	43844064	43844114	0
chr10	107935705	107935755	0
chr20	48687959	48688009	0
chr15	49931100	49931150	0
chr16	48151529	48151579	0
chr2	172580989	172581039	0
chr16	572113	572163	1
chr8	143210339	143210389	0
chr4	75973587	75973637	0
chr1	70902432	70902482	0
chr16	4526318	4526368	0
chr15	76044882	76044932	0
chr1	178743571	178743621	0
chr12	128258187	128258237	0
chr4	99977353	99977403	0
chr2	160041993	160042043	0
