Modes: 10
Features: 4
Sequences: 2000
Motif: 0
39	0	36	53
0	13	115	0
25	4	67	32
62	2	41	23
22	4	102	0
3	8	116	1
72	32	10	14
48	1	79	0
60	6	59	3
32	21	33	42
44	0	79	5
34	20	60	14
Motif: 1
0	3	5	88
22	2	68	4
0	0	3	93
0	0	1	95
0	0	28	68
84	1	11	0
0	87	0	9
57	2	1	36
4	19	9	64
37	7	9	43
Motif: 2
32	40	14	251
0	331	3	3
0	0	0	337
59	57	82	139
22	157	68	90
59	167	57	54
119	91	20	107
78	101	91	67
60	131	50	96
67	81	71	118
37	116	46	138
59	125	32	121
Motif: 3
87	16	7	99
104	23	71	11
95	0	17	97
23	0	185	1
0	9	0	200
149	60	0	0
194	15	0	0
209	0	0	0
0	143	0	66
209	0	0	0
Motif: 4
163	45	204	83
35	422	21	17
1	493	0	1
395	5	31	64
12	304	163	16
77	187	23	208
442	5	25	23
0	0	495	0
229	5	261	0
13	5	276	201
9	0	484	2
16	17	431	31
78	351	6	60
232	2	240	21
55	236	161	43
Motif: 5
19	46	44	47
0	107	16	33
39	55	6	56
0	65	31	60
2	0	0	154
21	0	135	0
0	6	13	137
21	0	4	131
0	9	64	83
110	5	36	5
6	135	3	12
Motif: 6
21	98	39	0
11	73	13	61
138	0	19	1
1	0	153	4
56	0	102	0
3	5	71	79
4	0	154	0
0	0	140	18
17	133	4	4
73	3	78	4
1	109	38	10
8	46	1	103
Motif: 7
25	6	45	13
16	34	26	13
18	13	29	29
22	0	53	14
3	55	31	0
47	8	0	34
12	8	65	4
23	0	62	4
22	1	50	16
1	30	58	0
65	5	3	16
2	40	37	10
Motif: 8
78	10	1	82
107	0	26	38
69	0	17	85
25	0	146	0
0	19	5	147
133	38	0	0
154	16	1	0
168	1	2	0
0	87	7	77
149	0	11	11
76	13	3	79
2	56	98	15
Motif: 9
69	0	10	82
102	11	45	3
150	1	7	3
101	0	56	4
10	86	0	65
137	24	0	0
154	0	2	5
148	8	3	2
0	160	1	0
132	3	4	22
Posreads: 0
128.000000	0.000000
128.000000	0.000000
128.000000	0.000000
128.000000	0.000000
118.000000	10.000000
Posreads: 1
46.000000	50.000000
49.000000	47.000000
83.000000	13.000000
64.000000	32.000000
38.000000	58.000000
Posreads: 2
314.000000	23.000000
170.000000	167.000000
334.000000	3.000000
0.000000	337.000000
285.000000	52.000000
Posreads: 3
152.000000	57.000000
113.000000	96.000000
104.000000	105.000000
109.000000	100.000000
138.000000	71.000000
Posreads: 4
244.000000	251.000000
254.000000	241.000000
244.000000	251.000000
231.000000	264.000000
250.000000	245.000000
Posreads: 5
35.000000	121.000000
87.000000	69.000000
101.000000	55.000000
111.000000	45.000000
101.000000	55.000000
Posreads: 6
81.000000	77.000000
106.000000	52.000000
114.000000	44.000000
83.000000	75.000000
105.000000	53.000000
Posreads: 7
75.000000	14.000000
79.000000	10.000000
88.000000	1.000000
83.000000	6.000000
80.000000	9.000000
Posreads: 8
131.000000	40.000000
130.000000	41.000000
140.000000	31.000000
154.000000	17.000000
161.000000	10.000000
Posreads: 9
152.000000	9.000000
148.000000	13.000000
161.000000	0.000000
153.000000	8.000000
148.000000	13.000000
Negreads: 0
72.000000	56.000000
75.000000	53.000000
114.000000	14.000000
80.000000	48.000000
55.000000	73.000000
Negreads: 1
81.000000	15.000000
64.000000	32.000000
81.000000	15.000000
80.000000	16.000000
72.000000	24.000000
Negreads: 2
336.000000	1.000000
323.000000	14.000000
319.000000	18.000000
334.000000	3.000000
327.000000	10.000000
Negreads: 3
113.000000	96.000000
73.000000	136.000000
52.000000	157.000000
41.000000	168.000000
68.000000	141.000000
Negreads: 4
201.000000	294.000000
195.000000	300.000000
208.000000	287.000000
176.000000	319.000000
224.000000	271.000000
Negreads: 5
127.000000	29.000000
95.000000	61.000000
84.000000	72.000000
120.000000	36.000000
120.000000	36.000000
Negreads: 6
77.000000	81.000000
71.000000	87.000000
86.000000	72.000000
75.000000	83.000000
71.000000	87.000000
Negreads: 7
24.000000	65.000000
25.000000	64.000000
44.000000	45.000000
32.000000	57.000000
21.000000	68.000000
Negreads: 8
141.000000	30.000000
134.000000	37.000000
119.000000	52.000000
103.000000	68.000000
56.000000	115.000000
Negreads: 9
138.000000	23.000000
113.000000	48.000000
107.000000	54.000000
77.000000	84.000000
100.000000	61.000000
Mode sequence counts
0	128
1	96
2	337
3	209
4	495
5	156
6	158
7	89
8	171
9	161
Motif widths 
0	12
1	10
2	12
3	10
4	15
5	11
6	12
7	12
8	12
9	10
Positive strand read widths 
0	5
1	5
2	5
3	5
4	5
5	5
6	5
7	5
8	5
9	5
Negative strand read widths 
0	5
1	5
2	5
3	5
4	5
5	5
6	5
7	5
8	5
9	5
Relative distances
0	-6	22
1	8	23
2	0	22
3	8	19
4	13	22
5	4	22
6	10	23
7	10	22
8	-6	18
9	0	19
Alpha: 0.500000
Pseudo count for reads
1.000000	1.000000
