Modes: 8
Features: 4
Sequences: 2000
Motif: 0
29	103	6	42
0	129	2	49
76	11	19	74
0	113	19	48
2	174	0	4
32	45	4	99
0	79	54	47
0	180	0	0
49	16	0	115
7	77	14	82
0	157	17	6
47	95	0	38
Motif: 1
160	1	10	140
203	3	90	15
231	2	48	30
141	0	157	13
0	122	0	189
277	34	0	0
304	5	1	1
310	1	0	0
0	239	0	72
296	0	5	10
Motif: 2
2	28	25	96
3	0	2	146
0	1	68	82
69	36	27	19
0	138	1	12
36	22	0	93
3	36	9	103
23	26	20	82
48	15	45	43
7	79	32	33
Motif: 3
116	3	14	21
7	0	141	6
31	10	113	0
6	1	76	71
8	0	143	3
8	14	118	14
16	133	3	2
82	5	65	2
3	84	61	6
14	60	4	76
37	17	78	22
34	19	26	75
Motif: 4
30	105	184	26
13	186	4	142
29	10	246	60
22	317	6	0
0	345	0	0
136	200	1	8
3	170	4	168
0	345	0	0
8	3	8	326
113	16	167	49
9	129	197	10
38	42	12	253
0	0	342	3
18	16	281	30
Motif: 5
23	295	14	21
2	351	0	0
278	0	2	73
8	249	92	4
46	114	10	183
286	0	45	22
1	0	350	2
127	3	222	1
28	8	175	142
14	0	333	6
20	26	268	39
48	257	3	45
164	28	130	31
Motif: 6
66	49	9	10
92	19	6	17
99	11	10	14
88	7	12	27
4	112	0	18
122	0	0	12
107	8	19	0
71	20	32	11
43	50	33	8
114	12	0	8
29	63	34	8
64	59	0	11
Motif: 7
0	0	0	372
126	1	245	0
0	0	1	371
3	0	36	333
0	0	120	252
350	0	16	6
1	356	1	14
223	30	8	111
47	106	55	164
179	25	45	123
Posreads: 0
159.000000	21.000000
135.000000	45.000000
167.000000	13.000000
144.000000	36.000000
141.000000	39.000000
Posreads: 1
260.000000	51.000000
278.000000	33.000000
258.000000	53.000000
262.000000	49.000000
266.000000	45.000000
Posreads: 2
65.000000	86.000000
76.000000	75.000000
95.000000	56.000000
72.000000	79.000000
70.000000	81.000000
Posreads: 3
108.000000	46.000000
115.000000	39.000000
126.000000	28.000000
110.000000	44.000000
111.000000	43.000000
Posreads: 4
99.000000	246.000000
99.000000	246.000000
152.000000	193.000000
134.000000	211.000000
109.000000	236.000000
Posreads: 5
245.000000	108.000000
230.000000	123.000000
247.000000	106.000000
225.000000	128.000000
238.000000	115.000000
Posreads: 6
99.000000	35.000000
101.000000	33.000000
89.000000	45.000000
98.000000	36.000000
68.000000	66.000000
Posreads: 7
209.000000	163.000000
85.000000	287.000000
130.000000	242.000000
196.000000	176.000000
239.000000	133.000000
Negreads: 0
175.000000	5.000000
180.000000	0.000000
180.000000	0.000000
177.000000	3.000000
177.000000	3.000000
Negreads: 1
262.000000	49.000000
225.000000	86.000000
203.000000	108.000000
128.000000	183.000000
221.000000	90.000000
Negreads: 2
139.000000	12.000000
149.000000	2.000000
139.000000	12.000000
146.000000	5.000000
129.000000	22.000000
Negreads: 3
89.000000	65.000000
107.000000	47.000000
90.000000	64.000000
76.000000	78.000000
74.000000	80.000000
Negreads: 4
134.000000	211.000000
132.000000	213.000000
129.000000	216.000000
144.000000	201.000000
128.000000	217.000000
Negreads: 5
165.000000	188.000000
199.000000	154.000000
210.000000	143.000000
219.000000	134.000000
198.000000	155.000000
Negreads: 6
132.000000	2.000000
128.000000	6.000000
121.000000	13.000000
130.000000	4.000000
134.000000	0.000000
Negreads: 7
242.000000	130.000000
208.000000	164.000000
265.000000	107.000000
283.000000	89.000000
307.000000	65.000000
Mode sequence counts
0	180
1	311
2	151
3	154
4	345
5	353
6	134
7	372
Motif widths 
0	12
1	10
2	10
3	12
4	14
5	13
6	12
7	10
Positive strand read widths 
0	5
1	5
2	5
3	5
4	5
5	5
6	5
7	5
Negative strand read widths 
0	5
1	5
2	5
3	5
4	5
5	5
6	5
7	5
Relative distances
0	10	21
1	7	19
2	10	21
3	12	22
4	10	28
5	10	22
6	10	20
7	9	19
Alpha: 0.500000
Pseudo count for reads
1.000000	1.000000
