Modes: 9
Features: 4
Sequences: 2000
Motif: 0
6	4	0	532
161	3	378	0
0	0	0	542
3	0	38	501
0	0	152	390
492	1	45	4
2	460	0	80
242	47	8	245
50	151	57	284
247	31	48	216
Motif: 1
31	0	0	106
0	1	113	23
10	67	0	60
0	133	0	4
44	46	0	47
5	74	11	47
3	32	11	91
6	29	37	65
7	69	40	21
2	114	7	14
17	42	3	75
17	61	0	59
Motif: 2
6	162	6	126
23	7	220	50
19	274	5	2
1	299	0	0
129	159	3	9
0	176	6	118
0	299	0	1
4	2	5	289
94	16	150	40
11	112	174	3
45	37	6	212
0	0	294	6
16	12	249	23
Motif: 3
2	55	36	41
25	42	0	67
5	20	26	83
10	99	25	0
9	90	12	23
49	34	0	51
25	48	1	60
21	33	40	40
35	47	30	22
5	95	6	28
Motif: 4
7	6	3	143
6	11	142	0
0	9	13	137
10	0	3	146
2	0	10	147
26	0	133	0
3	71	2	83
9	26	0	124
5	38	10	106
45	5	0	109
26	3	65	65
27	40	59	33
Motif: 5
11	197	31	15
7	245	0	2
216	1	2	35
16	129	104	5
57	110	25	62
220	1	8	25
2	0	251	1
117	2	135	0
11	1	147	95
3	0	245	6
2	2	221	29
12	232	0	10
145	22	50	37
Motif: 6
70	1	6	66
29	35	79	0
59	2	11	71
14	25	53	51
38	1	30	74
67	30	6	40
6	130	7	0
142	0	0	1
74	61	5	3
110	0	24	9
16	1	124	2
Motif: 7
9	125	5	67
56	13	89	48
13	153	22	18
4	186	1	15
91	97	8	10
0	124	2	80
0	206	0	0
9	43	0	154
158	0	39	9
5	41	158	2
34	14	2	156
0	0	206	0
8	4	172	22
30	103	11	62
Motif: 8
8	95	0	22
73	49	0	3
22	52	15	36
0	98	4	23
6	1	22	96
0	45	45	35
2	123	0	0
10	27	1	87
10	45	27	43
26	88	3	8
4	96	0	25
28	39	1	57
Posreads: 0
338.000000	204.000000
129.000000	413.000000
226.000000	316.000000
309.000000	233.000000
368.000000	174.000000
Posreads: 1
114.000000	23.000000
112.000000	25.000000
88.000000	49.000000
107.000000	30.000000
111.000000	26.000000
Posreads: 2
70.000000	230.000000
79.000000	221.000000
128.000000	172.000000
108.000000	192.000000
84.000000	216.000000
Posreads: 3
22.000000	112.000000
55.000000	79.000000
73.000000	61.000000
61.000000	73.000000
1.000000	133.000000
Posreads: 4
114.000000	45.000000
95.000000	64.000000
126.000000	33.000000
132.000000	27.000000
144.000000	15.000000
Posreads: 5
154.000000	100.000000
145.000000	109.000000
152.000000	102.000000
161.000000	93.000000
156.000000	98.000000
Posreads: 6
128.000000	15.000000
103.000000	40.000000
118.000000	25.000000
114.000000	29.000000
108.000000	35.000000
Posreads: 7
119.000000	87.000000
80.000000	126.000000
92.000000	114.000000
113.000000	93.000000
90.000000	116.000000
Posreads: 8
72.000000	53.000000
116.000000	9.000000
94.000000	31.000000
86.000000	39.000000
98.000000	27.000000
Negreads: 0
429.000000	113.000000
377.000000	165.000000
367.000000	175.000000
403.000000	139.000000
439.000000	103.000000
Negreads: 1
128.000000	9.000000
135.000000	2.000000
136.000000	1.000000
136.000000	1.000000
137.000000	0.000000
Negreads: 2
132.000000	168.000000
128.000000	172.000000
107.000000	193.000000
127.000000	173.000000
111.000000	189.000000
Negreads: 3
127.000000	7.000000
133.000000	1.000000
134.000000	0.000000
129.000000	5.000000
134.000000	0.000000
Negreads: 4
135.000000	24.000000
141.000000	18.000000
151.000000	8.000000
138.000000	21.000000
126.000000	33.000000
Negreads: 5
145.000000	109.000000
150.000000	104.000000
170.000000	84.000000
163.000000	91.000000
134.000000	120.000000
Negreads: 6
121.000000	22.000000
133.000000	10.000000
139.000000	4.000000
140.000000	3.000000
125.000000	18.000000
Negreads: 7
120.000000	86.000000
189.000000	17.000000
147.000000	59.000000
168.000000	38.000000
157.000000	49.000000
Negreads: 8
125.000000	0.000000
119.000000	6.000000
118.000000	7.000000
108.000000	17.000000
115.000000	10.000000
Mode sequence counts
0	542
1	137
2	300
3	134
4	159
5	254
6	143
7	206
8	125
Motif widths 
0	10
1	12
2	13
3	10
4	12
5	13
6	11
7	14
8	12
Positive strand read widths 
0	5
1	5
2	5
3	5
4	5
5	5
6	5
7	5
8	5
Negative strand read widths 
0	5
1	5
2	5
3	5
4	5
5	5
6	5
7	5
8	5
Relative distances
0	9	18
1	10	22
2	11	27
3	10	7
4	9	23
5	11	22
6	10	20
7	6	12
8	10	22
Alpha: 0.500000
Pseudo count for reads
1.000000	1.000000
